+---------+---------------+----------+
17:00:03,101,133   ETHER
|0   |ff|ff|ff|ff|ff|ff|00|25|86|ec|75|a2|08|00|45|00|00|4e|00|bf|00|00|80|11|cd|9a|ac|14|0a|0e|ac|14|0a|0f|00|89|00|89|00|3a|65|a9|e5|05|01|10|00|01|00|00|00|00|00|00|20|45|4a|46|44|45|42|46|45|45|42|46|41|43|41|43|41|43|41|43|41|43|41|43|41|43|41|43|41|43|41|41|41|00|00|20|00|01|

+---------+---------------+----------+
17:00:03,851,095   ETHER
|0   |ff|ff|ff|ff|ff|ff|00|25|86|ec|75|a2|08|00|45|00|00|4e|00|c0|00|00|80|11|cd|99|ac|14|0a|0e|ac|14|0a|0f|00|89|00|89|00|3a|65|a9|e5|05|01|10|00|01|00|00|00|00|00|00|20|45|4a|46|44|45|42|46|45|45|42|46|41|43|41|43|41|43|41|43|41|43|41|43|41|43|41|43|41|43|41|41|41|00|00|20|00|01|

+---------+---------------+----------+
17:00:04,602,008   ETHER
|0   |ff|ff|ff|ff|ff|ff|00|25|86|ec|75|a2|08|00|45|00|00|4e|00|c1|00|00|80|11|cd|98|ac|14|0a|0e|ac|14|0a|0f|00|89|00|89|00|3a|2e|99|e5|0d|01|10|00|01|00|00|00|00|00|00|20|45|4a|46|44|45|42|46|45|45|42|46|41|43|4f|45|49|45|50|45|4e|45|46|43|41|43|41|43|41|43|41|41|41|00|00|20|00|01|

+---------+---------------+----------+
17:00:04,851,170   ETHER
|0   |01|00|5e|7f|ff|fa|00|25|86|ec|75|a2|08|00|45|00|00|a1|00|c2|00|00|01|11|12|6e|ac|14|0a|0e|ef|ff|ff|fa|f3|56|07|6c|00|8d|b8|0a|4d|2d|53|45|41|52|43|48|20|2a|20|48|54|54|50|2f|31|2e|31|0d|0a|48|6f|73|74|3a|32|33|39|2e|32|35|35|2e|32|35|35|2e|32|35|30|3a|31|39|30|30|0d|0a|53|54|3a|75|72|6e|3a|73|63|68|65|6d|61|73|2d|75|70|6e|70|2d|6f|72|67|3a|64|65|76|69|63|65|3a|49|6e|74|65|72|6e|65|74|47|61|74|65|77|61|79|44|65|76|69|63|65|3a|31|0d|0a|4d|61|6e|3a|22|73|73|64|70|3a|64|69|73|63|6f|76|65|72|22|0d|0a|4d|58|3a|33|0d|0a|0d|0a|

+---------+---------------+----------+
17:00:05,351,114   ETHER
|0   |ff|ff|ff|ff|ff|ff|00|25|86|ec|75|a2|08|00|45|00|00|4e|00|c3|00|00|80|11|cd|96|ac|14|0a|0e|ac|14|0a|0f|00|89|00|89|00|3a|2e|99|e5|0d|01|10|00|01|00|00|00|00|00|00|20|45|4a|46|44|45|42|46|45|45|42|46|41|43|4f|45|49|45|50|45|4e|45|46|43|41|43|41|43|41|43|41|41|41|00|00|20|00|01|

+---------+---------------+----------+
17:00:05,401,256   ETHER
|0   |01|00|5e|00|00|fb|00|25|86|ec|75|a2|08|00|45|00|01|6e|00|c4|00|00|ff|11|22|9d|ac|14|0a|0e|e0|00|00|fb|14|e9|14|e9|01|5a|e4|6a|00|00|84|00|00|00|00|08|00|00|00|02|07|43|61|69|6f|2d|50|43|09|5f|6e|69|2d|6c|6f|67|6f|73|04|5f|74|63|70|05|6c|6f|63|61|6c|00|00|21|80|01|00|00|00|78|00|10|00|00|00|00|09|27|07|43|61|69|6f|2d|50|43|c0|23|c0|0c|00|10|80|01|00|00|11|94|00|01|00|09|5f|73|65|72|76|69|63|65|73|07|5f|64|6e|73|2d|73|64|04|5f|75|64|70|c0|23|00|0c|00|01|00|00|11|94|00|02|c0|14|c0|14|00|0c|00|01|00|00|11|94|00|02|c0|0c|c0|3a|00|01|80|01|00|00|00|78|00|04|ac|14|0a|0e|02|31|34|02|31|30|02|32|30|03|31|37|32|07|69|6e|2d|61|64|64|72|04|61|72|70|61|00|00|0c|80|01|00|00|00|78|00|02|c0|3a|c0|3a|00|1c|80|01|00|00|00|78|00|10|fe|80|00|00|00|00|00|00|d9|37|15|b1|24|ad|cd|13|01|33|01|31|01|44|01|43|01|44|01|41|01|34|01|32|01|31|01|42|01|35|01|31|01|37|01|33|01|39|01|44|01|30|01|30|01|30|01|30|01|30|01|30|01|30|01|30|01|30|01|30|01|30|01|30|01|30|01|38|01|45|01|46|03|69|70|36|c0|a9|00|0c|80|01|00|00|00|78|00|02|c0|3a|c0|0c|00|2f|80|01|00|00|00|78|00|09|c0|0c|00|05|00|00|80|00|40|c0|3a|00|2f|80|01|00|00|00|78|00|08|c0|3a|00|04|40|00|00|08|

+---------+---------------+----------+
17:00:05,541,244   ETHER
|0   |01|00|5e|00|00|fb|00|25|86|ec|75|a2|08|00|45|00|01|29|00|c5|00|00|ff|11|22|e1|ac|14|0a|0e|e0|00|00|fb|14|e9|14|e9|01|15|6c|10|00|00|84|00|00|00|00|04|00|00|00|04|02|31|34|02|31|30|02|32|30|03|31|37|32|07|69|6e|2d|61|64|64|72|04|61|72|70|61|00|00|0c|80|01|00|00|00|78|00|0f|07|43|61|69|6f|2d|50|43|05|6c|6f|63|61|6c|00|01|33|01|31|01|44|01|43|01|44|01|41|01|34|01|32|01|31|01|42|01|35|01|31|01|37|01|33|01|39|01|44|01|30|01|30|01|30|01|30|01|30|01|30|01|30|01|30|01|30|01|30|01|30|01|30|01|30|01|38|01|45|01|46|03|69|70|36|c0|21|00|0c|80|01|00|00|00|78|00|02|c0|31|c0|31|00|01|80|01|00|00|00|78|00|04|ac|14|0a|0e|c0|31|00|1c|80|01|00|00|00|78|00|10|fe|80|00|00|00|00|00|00|d9|37|15|b1|24|ad|cd|13|c0|0c|00|2f|80|01|00|00|00|78|00|06|c0|0c|00|02|00|08|c0|40|00|2f|80|01|00|00|00|78|00|06|c0|40|00|02|00|08|c0|31|00|2f|80|01|00|00|00|78|00|08|c0|31|00|04|40|00|00|08|00|00|29|05|a0|00|00|11|94|00|0c|00|04|00|08|00|05|00|25|86|ec|75|a2|

+---------+---------------+----------+
17:00:05,702,087   ETHER
|0   |b6|8b|19|8e|27|64|00|25|86|ec|75|a2|08|00|45|00|00|3e|00|c6|00|00|80|11|cd|b1|ac|14|0a|0e|ac|14|0a|01|dd|c7|00|35|00|2a|13|97|a1|cb|01|00|00|01|00|00|00|00|00|00|03|64|6e|73|08|6d|73|66|74|6e|63|73|69|03|63|6f|6d|00|00|01|00|01|

+---------+---------------+----------+
17:00:05,760,281   ETHER
|0   |00|25|86|ec|75|a2|b6|8b|19|8e|27|64|08|00|45|00|00|4e|01|db|00|00|40|11|0c|8d|ac|14|0a|01|ac|14|0a|0e|00|35|dd|c7|00|3a|4f|68|a1|cb|81|80|00|01|00|01|00|00|00|00|03|64|6e|73|08|6d|73|66|74|6e|63|73|69|03|63|6f|6d|00|00|01|00|01|c0|0c|00|01|00|01|00|00|00|0f|00|04|83|6b|ff|ff|

+---------+---------------+----------+
17:00:05,764,718   ETHER
|0   |b6|8b|19|8e|27|64|00|25|86|ec|75|a2|08|00|45|00|00|3f|00|c7|00|00|80|11|cd|af|ac|14|0a|0e|ac|14|0a|01|d7|d9|00|35|00|2b|a7|68|3d|7b|01|00|00|01|00|00|00|00|00|00|04|69|70|76|36|08|6d|73|66|74|6e|63|73|69|03|63|6f|6d|00|00|01|00|01|

+---------+---------------+----------+
17:00:05,776,150   ETHER
|0   |00|25|86|ec|75|a2|b6|8b|19|8e|27|64|08|00|45|00|00|c8|a9|77|00|00|40|11|64|76|ac|14|0a|01|ac|14|0a|0e|00|35|d7|d9|00|b4|3e|dd|3d|7b|81|80|00|01|00|02|00|01|00|00|04|69|70|76|36|08|6d|73|66|74|6e|63|73|69|03|63|6f|6d|00|00|01|00|01|c0|0c|00|05|00|01|00|00|08|3d|00|21|04|69|70|76|36|08|6d|73|66|74|6e|63|73|69|03|63|6f|6d|09|65|64|67|65|73|75|69|74|65|03|6e|65|74|00|c0|2f|00|05|00|01|00|00|2e|8d|00|13|04|61|39|37|38|04|69|36|67|31|06|61|6b|61|6d|61|69|c0|4b|c0|61|00|06|00|01|00|00|01|5f|00|31|06|6e|30|69|36|67|31|c0|66|0a|68|6f|73|74|6d|61|73|74|65|72|06|61|6b|61|6d|61|69|c0|1a|59|3a|d1|2e|00|00|03|e8|00|00|03|e8|00|00|03|e8|00|00|07|08|

+---------+---------------+----------+
17:00:06,101,114   ETHER
|0   |ff|ff|ff|ff|ff|ff|00|25|86|ec|75|a2|08|00|45|00|00|4e|00|c8|00|00|80|11|cd|91|ac|14|0a|0e|ac|14|0a|0f|00|89|00|89|00|3a|2e|99|e5|0d|01|10|00|01|00|00|00|00|00|00|20|45|4a|46|44|45|42|46|45|45|42|46|41|43|4f|45|49|45|50|45|4e|45|46|43|41|43|41|43|41|43|41|41|41|00|00|20|00|01|

+---------+---------------+----------+
17:00:06,852,755   ETHER
|0   |33|33|00|01|00|03|00|25|86|ec|75|a2|86|dd|60|00|00|00|00|20|11|01|fe|80|00|00|00|00|00|00|d9|37|15|b1|24|ad|cd|13|ff|02|00|00|00|00|00|00|00|00|00|00|00|01|00|03|c0|2e|14|eb|00|20|79|85|74|ae|00|00|00|01|00|00|00|00|00|00|06|69|73|61|74|61|70|00|00|01|00|01|

+---------+---------------+----------+
17:00:06,853,028   ETHER
|0   |01|00|5e|00|00|fc|00|25|86|ec|75|a2|08|00|45|00|00|34|00|c9|00|00|01|11|21|d2|ac|14|0a|0e|e0|00|00|fc|e7|41|14|eb|00|20|99|84|74|ae|00|00|00|01|00|00|00|00|00|00|06|69|73|61|74|61|70|00|00|01|00|01|

+---------+---------------+----------+
17:00:06,952,091   ETHER
|0   |33|33|00|01|00|03|00|25|86|ec|75|a2|86|dd|60|00|00|00|00|20|11|01|fe|80|00|00|00|00|00|00|d9|37|15|b1|24|ad|cd|13|ff|02|00|00|00|00|00|00|00|00|00|00|00|01|00|03|c0|2e|14|eb|00|20|79|85|74|ae|00|00|00|01|00|00|00|00|00|00|06|69|73|61|74|61|70|00|00|01|00|01|

+---------+---------------+----------+
17:00:06,952,235   ETHER
|0   |01|00|5e|00|00|fc|00|25|86|ec|75|a2|08|00|45|00|00|34|00|ca|00|00|01|11|21|d1|ac|14|0a|0e|e0|00|00|fc|e7|41|14|eb|00|20|99|84|74|ae|00|00|00|01|00|00|00|00|00|00|06|69|73|61|74|61|70|00|00|01|00|01|

+---------+---------------+----------+
17:00:07,152,453   ETHER
|0   |ff|ff|ff|ff|ff|ff|00|25|86|ec|75|a2|08|00|45|00|00|4e|00|cb|00|00|80|11|cd|8e|ac|14|0a|0e|ac|14|0a|0f|00|89|00|89|00|3a|65|99|e5|15|01|10|00|01|00|00|00|00|00|00|20|45|4a|46|44|45|42|46|45|45|42|46|41|43|41|43|41|43|41|43|41|43|41|43|41|43|41|43|41|43|41|41|41|00|00|20|00|01|

+---------+---------------+----------+
17:00:07,852,085   ETHER
|0   |01|00|5e|7f|ff|fa|00|25|86|ec|75|a2|08|00|45|00|00|a1|00|cc|00|00|01|11|12|64|ac|14|0a|0e|ef|ff|ff|fa|f3|56|07|6c|00|8d|b8|0a|4d|2d|53|45|41|52|43|48|20|2a|20|48|54|54|50|2f|31|2e|31|0d|0a|48|6f|73|74|3a|32|33|39|2e|32|35|35|2e|32|35|35|2e|32|35|30|3a|31|39|30|30|0d|0a|53|54|3a|75|72|6e|3a|73|63|68|65|6d|61|73|2d|75|70|6e|70|2d|6f|72|67|3a|64|65|76|69|63|65|3a|49|6e|74|65|72|6e|65|74|47|61|74|65|77|61|79|44|65|76|69|63|65|3a|31|0d|0a|4d|61|6e|3a|22|73|73|64|70|3a|64|69|73|63|6f|76|65|72|22|0d|0a|4d|58|3a|33|0d|0a|0d|0a|

+---------+---------------+----------+
17:00:07,902,034   ETHER
|0   |ff|ff|ff|ff|ff|ff|00|25|86|ec|75|a2|08|00|45|00|00|4e|00|cd|00|00|80|11|cd|8c|ac|14|0a|0e|ac|14|0a|0f|00|89|00|89|00|3a|65|99|e5|15|01|10|00|01|00|00|00|00|00|00|20|45|4a|46|44|45|42|46|45|45|42|46|41|43|41|43|41|43|41|43|41|43|41|43|41|43|41|43|41|43|41|41|41|00|00|20|00|01|

+---------+---------------+----------+
17:00:08,651,996   ETHER
|0   |ff|ff|ff|ff|ff|ff|00|25|86|ec|75|a2|08|00|45|00|00|4e|00|ce|00|00|80|11|cd|8b|ac|14|0a|0e|ac|14|0a|0f|00|89|00|89|00|3a|65|99|e5|15|01|10|00|01|00|00|00|00|00|00|20|45|4a|46|44|45|42|46|45|45|42|46|41|43|41|43|41|43|41|43|41|43|41|43|41|43|41|43|41|43|41|41|41|00|00|20|00|01|

+---------+---------------+----------+
17:00:09,402,791   ETHER
|0   |33|33|00|01|00|03|00|25|86|ec|75|a2|86|dd|60|00|00|00|00|20|11|01|fe|80|00|00|00|00|00|00|d9|37|15|b1|24|ad|cd|13|ff|02|00|00|00|00|00|00|00|00|00|00|00|01|00|03|f8|d1|14|eb|00|20|cb|80|ea|0f|00|00|00|01|00|00|00|00|00|00|06|69|73|61|74|61|70|00|00|01|00|01|

+---------+---------------+----------+
17:00:09,403,116   ETHER
|0   |01|00|5e|00|00|fc|00|25|86|ec|75|a2|08|00|45|00|00|34|00|cf|00|00|01|11|21|cc|ac|14|0a|0e|e0|00|00|fc|d0|91|14|eb|00|20|3a|d3|ea|0f|00|00|00|01|00|00|00|00|00|00|06|69|73|61|74|61|70|00|00|01|00|01|

+---------+---------------+----------+
17:00:09,502,022   ETHER
|0   |33|33|00|01|00|03|00|25|86|ec|75|a2|86|dd|60|00|00|00|00|20|11|01|fe|80|00|00|00|00|00|00|d9|37|15|b1|24|ad|cd|13|ff|02|00|00|00|00|00|00|00|00|00|00|00|01|00|03|f8|d1|14|eb|00|20|cb|80|ea|0f|00|00|00|01|00|00|00|00|00|00|06|69|73|61|74|61|70|00|00|01|00|01|

+---------+---------------+----------+
17:00:09,502,177   ETHER
|0   |01|00|5e|00|00|fc|00|25|86|ec|75|a2|08|00|45|00|00|34|00|d0|00|00|01|11|21|cb|ac|14|0a|0e|e0|00|00|fc|d0|91|14|eb|00|20|3a|d3|ea|0f|00|00|00|01|00|00|00|00|00|00|06|69|73|61|74|61|70|00|00|01|00|01|

+---------+---------------+----------+
17:00:09,702,428   ETHER
|0   |ff|ff|ff|ff|ff|ff|00|25|86|ec|75|a2|08|00|45|00|00|4e|00|d1|00|00|80|11|cd|88|ac|14|0a|0e|ac|14|0a|0f|00|89|00|89|00|3a|65|91|e5|1d|01|10|00|01|00|00|00|00|00|00|20|45|4a|46|44|45|42|46|45|45|42|46|41|43|41|43|41|43|41|43|41|43|41|43|41|43|41|43|41|43|41|41|41|00|00|20|00|01|

+---------+---------------+----------+
17:00:10,452,003   ETHER
|0   |ff|ff|ff|ff|ff|ff|00|25|86|ec|75|a2|08|00|45|00|00|4e|00|d2|00|00|80|11|cd|87|ac|14|0a|0e|ac|14|0a|0f|00|89|00|89|00|3a|65|91|e5|1d|01|10|00|01|00|00|00|00|00|00|20|45|4a|46|44|45|42|46|45|45|42|46|41|43|41|43|41|43|41|43|41|43|41|43|41|43|41|43|41|43|41|41|41|00|00|20|00|01|

+---------+---------------+----------+
17:00:10,882,656   ETHER
|0   |01|00|5e|7f|ff|fa|00|25|86|ec|75|a2|08|00|45|00|00|a1|00|d3|00|00|01|11|12|5d|ac|14|0a|0e|ef|ff|ff|fa|f3|56|07|6c|00|8d|b8|0a|4d|2d|53|45|41|52|43|48|20|2a|20|48|54|54|50|2f|31|2e|31|0d|0a|48|6f|73|74|3a|32|33|39|2e|32|35|35|2e|32|35|35|2e|32|35|30|3a|31|39|30|30|0d|0a|53|54|3a|75|72|6e|3a|73|63|68|65|6d|61|73|2d|75|70|6e|70|2d|6f|72|67|3a|64|65|76|69|63|65|3a|49|6e|74|65|72|6e|65|74|47|61|74|65|77|61|79|44|65|76|69|63|65|3a|31|0d|0a|4d|61|6e|3a|22|73|73|64|70|3a|64|69|73|63|6f|76|65|72|22|0d|0a|4d|58|3a|33|0d|0a|0d|0a|

+---------+---------------+----------+
17:00:11,182,221   ETHER
|0   |33|33|00|01|00|02|00|25|86|ec|75|a2|86|dd|60|00|00|00|00|5f|11|01|fe|80|00|00|00|00|00|00|d9|37|15|b1|24|ad|cd|13|ff|02|00|00|00|00|00|00|00|00|00|00|00|01|00|02|02|22|02|23|00|5f|65|43|01|f4|e7|aa|00|08|00|02|0c|1c|00|01|00|0e|00|01|00|01|1f|8c|70|3b|9c|8e|99|49|af|30|00|03|00|0c|2b|00|25|86|00|00|00|00|00|00|00|00|00|27|00|09|00|07|43|61|69|6f|2d|50|43|00|10|00|0e|00|00|01|37|00|08|4d|53|46|54|20|35|2e|30|00|06|00|08|00|18|00|17|00|11|00|27|

+---------+---------------+----------+
17:00:11,195,399   ETHER
|0   |ff|ff|ff|ff|ff|ff|00|25|86|ec|75|a2|08|00|45|00|00|a0|00|d4|00|00|80|11|cd|33|ac|14|0a|0e|ac|14|0a|0f|44|5c|44|5c|00|8c|4f|49|7b|22|68|6f|73|74|5f|69|6e|74|22|3a|20|37|32|30|37|33|37|35|30|37|32|39|35|37|36|34|39|33|35|30|34|35|34|39|30|35|36|38|34|32|30|36|31|35|32|35|39|35|33|2c|20|22|76|65|72|73|69|6f|6e|22|3a|20|5b|32|2c|20|30|5d|2c|20|22|64|69|73|70|6c|61|79|6e|61|6d|65|22|3a|20|22|22|2c|20|22|70|6f|72|74|22|3a|20|31|37|35|30|30|2c|20|22|6e|61|6d|65|73|70|61|63|65|73|22|3a|20|5b|31|39|33|38|31|33|34|36|31|5d|7d|

+---------+---------------+----------+
17:00:11,201,923   ETHER
|0   |ff|ff|ff|ff|ff|ff|00|25|86|ec|75|a2|08|00|45|00|00|4e|00|d5|00|00|80|11|cd|84|ac|14|0a|0e|ac|14|0a|0f|00|89|00|89|00|3a|65|91|e5|1d|01|10|00|01|00|00|00|00|00|00|20|45|4a|46|44|45|42|46|45|45|42|46|41|43|41|43|41|43|41|43|41|43|41|43|41|43|41|43|41|43|41|41|41|00|00|20|00|01|

+---------+---------------+----------+
17:00:11,952,790   ETHER
|0   |33|33|00|01|00|03|00|25|86|ec|75|a2|86|dd|60|00|00|00|00|20|11|01|fe|80|00|00|00|00|00|00|d9|37|15|b1|24|ad|cd|13|ff|02|00|00|00|00|00|00|00|00|00|00|00|01|00|03|dd|5e|14|eb|00|20|14|4f|bc|b4|00|00|00|01|00|00|00|00|00|00|06|69|73|61|74|61|70|00|00|01|00|01|

+---------+---------------+----------+
17:00:11,953,062   ETHER
|0   |01|00|5e|00|00|fc|00|25|86|ec|75|a2|08|00|45|00|00|34|00|d6|00|00|01|11|21|c5|ac|14|0a|0e|e0|00|00|fc|e0|e2|14|eb|00|20|57|dd|bc|b4|00|00|00|01|00|00|00|00|00|00|06|69|73|61|74|61|70|00|00|01|00|01|

+---------+---------------+----------+
17:00:12,051,994   ETHER
|0   |33|33|00|01|00|03|00|25|86|ec|75|a2|86|dd|60|00|00|00|00|20|11|01|fe|80|00|00|00|00|00|00|d9|37|15|b1|24|ad|cd|13|ff|02|00|00|00|00|00|00|00|00|00|00|00|01|00|03|dd|5e|14|eb|00|20|14|4f|bc|b4|00|00|00|01|00|00|00|00|00|00|06|69|73|61|74|61|70|00|00|01|00|01|

+---------+---------------+----------+
17:00:12,052,113   ETHER
|0   |01|00|5e|00|00|fc|00|25|86|ec|75|a2|08|00|45|00|00|34|00|d7|00|00|01|11|21|c4|ac|14|0a|0e|e0|00|00|fc|e0|e2|14|eb|00|20|57|dd|bc|b4|00|00|00|01|00|00|00|00|00|00|06|69|73|61|74|61|70|00|00|01|00|01|

+---------+---------------+----------+
17:00:12,252,445   ETHER
|0   |ff|ff|ff|ff|ff|ff|00|25|86|ec|75|a2|08|00|45|00|00|4e|00|d8|00|00|80|11|cd|81|ac|14|0a|0e|ac|14|0a|0f|00|89|00|89|00|3a|65|89|e5|25|01|10|00|01|00|00|00|00|00|00|20|45|4a|46|44|45|42|46|45|45|42|46|41|43|41|43|41|43|41|43|41|43|41|43|41|43|41|43|41|43|41|41|41|00|00|20|00|01|

+---------+---------------+----------+
17:00:13,001,966   ETHER
|0   |ff|ff|ff|ff|ff|ff|00|25|86|ec|75|a2|08|00|45|00|00|4e|00|d9|00|00|80|11|cd|80|ac|14|0a|0e|ac|14|0a|0f|00|89|00|89|00|3a|65|89|e5|25|01|10|00|01|00|00|00|00|00|00|20|45|4a|46|44|45|42|46|45|45|42|46|41|43|41|43|41|43|41|43|41|43|41|43|41|43|41|43|41|43|41|41|41|00|00|20|00|01|

+---------+---------------+----------+
17:00:13,502,041   ETHER
|0   |01|00|5e|00|00|fb|00|25|86|ec|75|a2|08|00|45|00|00|80|00|da|00|00|ff|11|23|75|ac|14|0a|0e|e0|00|00|fb|14|e9|14|e9|00|6c|d7|55|00|00|00|00|00|02|00|00|00|00|00|01|0d|5f|61|70|70|6c|65|2d|6d|6f|62|64|65|76|04|5f|74|63|70|05|6c|6f|63|61|6c|00|00|0c|00|01|08|35|32|30|66|30|35|62|35|04|5f|73|75|62|0e|5f|61|70|70|6c|65|2d|6d|6f|62|64|65|76|32|c0|1a|00|0c|00|01|00|00|29|05|a0|00|00|11|94|00|0c|00|04|00|08|00|05|00|25|86|ec|75|a2|

+---------+---------------+----------+
17:00:13,751,961   ETHER
|0   |ff|ff|ff|ff|ff|ff|00|25|86|ec|75|a2|08|00|45|00|00|4e|00|db|00|00|80|11|cd|7e|ac|14|0a|0e|ac|14|0a|0f|00|89|00|89|00|3a|65|89|e5|25|01|10|00|01|00|00|00|00|00|00|20|45|4a|46|44|45|42|46|45|45|42|46|41|43|41|43|41|43|41|43|41|43|41|43|41|43|41|43|41|43|41|41|41|00|00|20|00|01|

+---------+---------------+----------+
17:00:13,882,061   ETHER
|0   |01|00|5e|7f|ff|fa|00|25|86|ec|75|a2|08|00|45|00|00|a1|00|dc|00|00|01|11|12|54|ac|14|0a|0e|ef|ff|ff|fa|f3|56|07|6c|00|8d|b8|0a|4d|2d|53|45|41|52|43|48|20|2a|20|48|54|54|50|2f|31|2e|31|0d|0a|48|6f|73|74|3a|32|33|39|2e|32|35|35|2e|32|35|35|2e|32|35|30|3a|31|39|30|30|0d|0a|53|54|3a|75|72|6e|3a|73|63|68|65|6d|61|73|2d|75|70|6e|70|2d|6f|72|67|3a|64|65|76|69|63|65|3a|49|6e|74|65|72|6e|65|74|47|61|74|65|77|61|79|44|65|76|69|63|65|3a|31|0d|0a|4d|61|6e|3a|22|73|73|64|70|3a|64|69|73|63|6f|76|65|72|22|0d|0a|4d|58|3a|33|0d|0a|0d|0a|

+---------+---------------+----------+
17:00:14,503,077   ETHER
|0   |33|33|00|01|00|03|00|25|86|ec|75|a2|86|dd|60|00|00|00|00|20|11|01|fe|80|00|00|00|00|00|00|d9|37|15|b1|24|ad|cd|13|ff|02|00|00|00|00|00|00|00|00|00|00|00|01|00|03|fa|3e|14|eb|00|20|17|6f|9c|b4|00|00|00|01|00|00|00|00|00|00|06|69|73|61|74|61|70|00|00|01|00|01|

+---------+---------------+----------+
17:00:14,503,349   ETHER
|0   |01|00|5e|00|00|fc|00|25|86|ec|75|a2|08|00|45|00|00|34|00|dd|00|00|01|11|21|be|ac|14|0a|0e|e0|00|00|fc|f1|ce|14|eb|00|20|66|f1|9c|b4|00|00|00|01|00|00|00|00|00|00|06|69|73|61|74|61|70|00|00|01|00|01|

+---------+---------------+----------+
17:00:14,601,911   ETHER
|0   |33|33|00|01|00|03|00|25|86|ec|75|a2|86|dd|60|00|00|00|00|20|11|01|fe|80|00|00|00|00|00|00|d9|37|15|b1|24|ad|cd|13|ff|02|00|00|00|00|00|00|00|00|00|00|00|01|00|03|fa|3e|14|eb|00|20|17|6f|9c|b4|00|00|00|01|00|00|00|00|00|00|06|69|73|61|74|61|70|00|00|01|00|01|

+---------+---------------+----------+
17:00:14,602,025   ETHER
|0   |01|00|5e|00|00|fc|00|25|86|ec|75|a2|08|00|45|00|00|34|00|de|00|00|01|11|21|bd|ac|14|0a|0e|e0|00|00|fc|f1|ce|14|eb|00|20|66|f1|9c|b4|00|00|00|01|00|00|00|00|00|00|06|69|73|61|74|61|70|00|00|01|00|01|

+---------+---------------+----------+
17:00:14,741,986   ETHER
|0   |ff|ff|ff|ff|ff|ff|00|25|86|ec|75|a2|08|00|45|00|00|4e|00|df|00|00|80|11|cd|7a|ac|14|0a|0e|ac|14|0a|0f|00|89|00|89|00|3a|3f|80|e5|2f|01|10|00|01|00|00|00|00|00|00|20|45|44|45|42|45|4a|45|50|43|4e|46|41|45|44|43|41|43|41|43|41|43|41|43|41|43|41|43|41|43|41|42|4d|00|00|20|00|01|

+---------+---------------+----------+
17:00:14,802,278   ETHER
|0   |ff|ff|ff|ff|ff|ff|00|25|86|ec|75|a2|08|00|45|00|00|4e|00|e0|00|00|80|11|cd|79|ac|14|0a|0e|ac|14|0a|0f|00|89|00|89|00|3a|65|7d|e5|31|01|10|00|01|00|00|00|00|00|00|20|45|4a|46|44|45|42|46|45|45|42|46|41|43|41|43|41|43|41|43|41|43|41|43|41|43|41|43|41|43|41|41|41|00|00|20|00|01|

+---------+---------------+----------+
17:00:15,491,806   ETHER
|0   |ff|ff|ff|ff|ff|ff|00|25|86|ec|75|a2|08|00|45|00|00|4e|00|e1|00|00|80|11|cd|78|ac|14|0a|0e|ac|14|0a|0f|00|89|00|89|00|3a|3f|80|e5|2f|01|10|00|01|00|00|00|00|00|00|20|45|44|45|42|45|4a|45|50|43|4e|46|41|45|44|43|41|43|41|43|41|43|41|43|41|43|41|43|41|43|41|42|4d|00|00|20|00|01|

+---------+---------------+----------+
17:00:15,551,904   ETHER
|0   |ff|ff|ff|ff|ff|ff|00|25|86|ec|75|a2|08|00|45|00|00|4e|00|e2|00|00|80|11|cd|77|ac|14|0a|0e|ac|14|0a|0f|00|89|00|89|00|3a|65|7d|e5|31|01|10|00|01|00|00|00|00|00|00|20|45|4a|46|44|45|42|46|45|45|42|46|41|43|41|43|41|43|41|43|41|43|41|43|41|43|41|43|41|43|41|41|41|00|00|20|00|01|

+---------+---------------+----------+
17:00:16,242,814   ETHER
|0   |ff|ff|ff|ff|ff|ff|00|25|86|ec|75|a2|08|00|45|00|00|4e|00|e3|00|00|80|11|cd|76|ac|14|0a|0e|ac|14|0a|0f|00|89|00|89|00|3a|3f|80|e5|2f|01|10|00|01|00|00|00|00|00|00|20|45|44|45|42|45|4a|45|50|43|4e|46|41|45|44|43|41|43|41|43|41|43|41|43|41|43|41|43|41|43|41|42|4d|00|00|20|00|01|

+---------+---------------+----------+
17:00:16,302,913   ETHER
|0   |ff|ff|ff|ff|ff|ff|00|25|86|ec|75|a2|08|00|45|00|00|4e|00|e4|00|00|80|11|cd|75|ac|14|0a|0e|ac|14|0a|0f|00|89|00|89|00|3a|65|7d|e5|31|01|10|00|01|00|00|00|00|00|00|20|45|4a|46|44|45|42|46|45|45|42|46|41|43|41|43|41|43|41|43|41|43|41|43|41|43|41|43|41|43|41|41|41|00|00|20|00|01|

+---------+---------------+----------+
17:00:16,882,876   ETHER
|0   |01|00|5e|7f|ff|fa|00|25|86|ec|75|a2|08|00|45|00|00|a1|00|e5|00|00|01|11|12|4b|ac|14|0a|0e|ef|ff|ff|fa|f3|56|07|6c|00|8d|b8|0a|4d|2d|53|45|41|52|43|48|20|2a|20|48|54|54|50|2f|31|2e|31|0d|0a|48|6f|73|74|3a|32|33|39|2e|32|35|35|2e|32|35|35|2e|32|35|30|3a|31|39|30|30|0d|0a|53|54|3a|75|72|6e|3a|73|63|68|65|6d|61|73|2d|75|70|6e|70|2d|6f|72|67|3a|64|65|76|69|63|65|3a|49|6e|74|65|72|6e|65|74|47|61|74|65|77|61|79|44|65|76|69|63|65|3a|31|0d|0a|4d|61|6e|3a|22|73|73|64|70|3a|64|69|73|63|6f|76|65|72|22|0d|0a|4d|58|3a|33|0d|0a|0d|0a|

+---------+---------------+----------+
17:00:17,053,530   ETHER
|0   |ff|ff|ff|ff|ff|ff|00|25|86|ec|75|a2|08|00|45|00|00|4e|00|e6|00|00|80|11|cd|73|ac|14|0a|0e|ac|14|0a|0f|00|89|00|89|00|3a|2e|6d|e5|39|01|10|00|01|00|00|00|00|00|00|20|45|4a|46|44|45|42|46|45|45|42|46|41|43|4f|45|49|45|50|45|4e|45|46|43|41|43|41|43|41|43|41|41|41|00|00|20|00|01|

+---------+---------------+----------+
17:00:17,802,869   ETHER
|0   |ff|ff|ff|ff|ff|ff|00|25|86|ec|75|a2|08|00|45|00|00|4e|00|e7|00|00|80|11|cd|72|ac|14|0a|0e|ac|14|0a|0f|00|89|00|89|00|3a|2e|6d|e5|39|01|10|00|01|00|00|00|00|00|00|20|45|4a|46|44|45|42|46|45|45|42|46|41|43|4f|45|49|45|50|45|4e|45|46|43|41|43|41|43|41|43|41|41|41|00|00|20|00|01|

+---------+---------------+----------+
17:00:18,552,812   ETHER
|0   |ff|ff|ff|ff|ff|ff|00|25|86|ec|75|a2|08|00|45|00|00|4e|00|e8|00|00|80|11|cd|71|ac|14|0a|0e|ac|14|0a|0f|00|89|00|89|00|3a|2e|6d|e5|39|01|10|00|01|00|00|00|00|00|00|20|45|4a|46|44|45|42|46|45|45|42|46|41|43|4f|45|49|45|50|45|4e|45|46|43|41|43|41|43|41|43|41|41|41|00|00|20|00|01|

+---------+---------------+----------+
17:00:19,303,527   ETHER
|0   |33|33|00|01|00|03|00|25|86|ec|75|a2|86|dd|60|00|00|00|00|20|11|01|fe|80|00|00|00|00|00|00|d9|37|15|b1|24|ad|cd|13|ff|02|00|00|00|00|00|00|00|00|00|00|00|01|00|03|f0|fb|14|eb|00|20|94|9a|28|cc|00|00|00|01|00|00|00|00|00|00|06|69|73|61|74|61|70|00|00|01|00|01|

+---------+---------------+----------+
17:00:19,303,810   ETHER
|0   |01|00|5e|00|00|fc|00|25|86|ec|75|a2|08|00|45|00|00|34|00|e9|00|00|01|11|21|b2|ac|14|0a|0e|e0|00|00|fc|ea|67|14|eb|00|20|e2|40|28|cc|00|00|00|01|00|00|00|00|00|00|06|69|73|61|74|61|70|00|00|01|00|01|

+---------+---------------+----------+
17:00:19,402,777   ETHER
|0   |33|33|00|01|00|03|00|25|86|ec|75|a2|86|dd|60|00|00|00|00|20|11|01|fe|80|00|00|00|00|00|00|d9|37|15|b1|24|ad|cd|13|ff|02|00|00|00|00|00|00|00|00|00|00|00|01|00|03|f0|fb|14|eb|00|20|94|9a|28|cc|00|00|00|01|00|00|00|00|00|00|06|69|73|61|74|61|70|00|00|01|00|01|

+---------+---------------+----------+
17:00:19,402,936   ETHER
|0   |01|00|5e|00|00|fc|00|25|86|ec|75|a2|08|00|45|00|00|34|00|ea|00|00|01|11|21|b1|ac|14|0a|0e|e0|00|00|fc|ea|67|14|eb|00|20|e2|40|28|cc|00|00|00|01|00|00|00|00|00|00|06|69|73|61|74|61|70|00|00|01|00|01|

+---------+---------------+----------+
17:00:19,603,163   ETHER
|0   |ff|ff|ff|ff|ff|ff|00|25|86|ec|75|a2|08|00|45|00|00|4e|00|eb|00|00|80|11|cd|6e|ac|14|0a|0e|ac|14|0a|0f|00|89|00|89|00|3a|65|6d|e5|41|01|10|00|01|00|00|00|00|00|00|20|45|4a|46|44|45|42|46|45|45|42|46|41|43|41|43|41|43|41|43|41|43|41|43|41|43|41|43|41|43|41|41|41|00|00|20|00|01|

+---------+---------------+----------+
17:00:20,352,810   ETHER
|0   |ff|ff|ff|ff|ff|ff|00|25|86|ec|75|a2|08|00|45|00|00|4e|00|ec|00|00|80|11|cd|6d|ac|14|0a|0e|ac|14|0a|0f|00|89|00|89|00|3a|65|6d|e5|41|01|10|00|01|00|00|00|00|00|00|20|45|4a|46|44|45|42|46|45|45|42|46|41|43|41|43|41|43|41|43|41|43|41|43|41|43|41|43|41|43|41|41|41|00|00|20|00|01|

+---------+---------------+----------+
17:00:21,102,776   ETHER
|0   |ff|ff|ff|ff|ff|ff|00|25|86|ec|75|a2|08|00|45|00|00|4e|00|ed|00|00|80|11|cd|6c|ac|14|0a|0e|ac|14|0a|0f|00|89|00|89|00|3a|65|6d|e5|41|01|10|00|01|00|00|00|00|00|00|20|45|4a|46|44|45|42|46|45|45|42|46|41|43|41|43|41|43|41|43|41|43|41|43|41|43|41|43|41|43|41|41|41|00|00|20|00|01|

+---------+---------------+----------+
17:00:21,853,439   ETHER
|0   |33|33|00|01|00|03|00|25|86|ec|75|a2|86|dd|60|00|00|00|00|20|11|01|fe|80|00|00|00|00|00|00|d9|37|15|b1|24|ad|cd|13|ff|02|00|00|00|00|00|00|00|00|00|00|00|01|00|03|eb|e6|14|eb|00|20|47|fe|7a|7d|00|00|00|01|00|00|00|00|00|00|06|69|73|61|74|61|70|00|00|01|00|01|

+---------+---------------+----------+
17:00:21,853,675   ETHER
|0   |01|00|5e|00|00|fc|00|25|86|ec|75|a2|08|00|45|00|00|34|00|ee|00|00|01|11|21|ad|ac|14|0a|0e|e0|00|00|fc|c1|56|14|eb|00|20|b9|a0|7a|7d|00|00|00|01|00|00|00|00|00|00|06|69|73|61|74|61|70|00|00|01|00|01|

+---------+---------------+----------+
17:00:21,952,719   ETHER
|0   |33|33|00|01|00|03|00|25|86|ec|75|a2|86|dd|60|00|00|00|00|20|11|01|fe|80|00|00|00|00|00|00|d9|37|15|b1|24|ad|cd|13|ff|02|00|00|00|00|00|00|00|00|00|00|00|01|00|03|eb|e6|14|eb|00|20|47|fe|7a|7d|00|00|00|01|00|00|00|00|00|00|06|69|73|61|74|61|70|00|00|01|00|01|

+---------+---------------+----------+
17:00:21,952,852   ETHER
|0   |01|00|5e|00|00|fc|00|25|86|ec|75|a2|08|00|45|00|00|34|00|ef|00|00|01|11|21|ac|ac|14|0a|0e|e0|00|00|fc|c1|56|14|eb|00|20|b9|a0|7a|7d|00|00|00|01|00|00|00|00|00|00|06|69|73|61|74|61|70|00|00|01|00|01|

+---------+---------------+----------+
17:00:22,153,105   ETHER
|0   |ff|ff|ff|ff|ff|ff|00|25|86|ec|75|a2|08|00|45|00|00|4e|00|f0|00|00|80|11|cd|69|ac|14|0a|0e|ac|14|0a|0f|00|89|00|89|00|3a|65|65|e5|49|01|10|00|01|00|00|00|00|00|00|20|45|4a|46|44|45|42|46|45|45|42|46|41|43|41|43|41|43|41|43|41|43|41|43|41|43|41|43|41|43|41|41|41|00|00|20|00|01|

+---------+---------------+----------+
17:00:22,903,784   ETHER
|0   |ff|ff|ff|ff|ff|ff|00|25|86|ec|75|a2|08|00|45|00|00|4e|00|f1|00|00|80|11|cd|68|ac|14|0a|0e|ac|14|0a|0f|00|89|00|89|00|3a|65|65|e5|49|01|10|00|01|00|00|00|00|00|00|20|45|4a|46|44|45|42|46|45|45|42|46|41|43|41|43|41|43|41|43|41|43|41|43|41|43|41|43|41|43|41|41|41|00|00|20|00|01|

+---------+---------------+----------+
17:00:23,653,760   ETHER
|0   |ff|ff|ff|ff|ff|ff|00|25|86|ec|75|a2|08|00|45|00|00|4e|00|f2|00|00|80|11|cd|67|ac|14|0a|0e|ac|14|0a|0f|00|89|00|89|00|3a|65|65|e5|49|01|10|00|01|00|00|00|00|00|00|20|45|4a|46|44|45|42|46|45|45|42|46|41|43|41|43|41|43|41|43|41|43|41|43|41|43|41|43|41|43|41|41|41|00|00|20|00|01|

+---------+---------------+----------+
17:00:24,404,419   ETHER
|0   |33|33|00|01|00|03|00|25|86|ec|75|a2|86|dd|60|00|00|00|00|20|11|01|fe|80|00|00|00|00|00|00|d9|37|15|b1|24|ad|cd|13|ff|02|00|00|00|00|00|00|00|00|00|00|00|01|00|03|eb|80|14|eb|00|20|cc|1a|f6|c6|00|00|00|01|00|00|00|00|00|00|06|69|73|61|74|61|70|00|00|01|00|01|

+---------+---------------+----------+
17:00:24,404,678   ETHER
|0   |01|00|5e|00|00|fc|00|25|86|ec|75|a2|08|00|45|00|00|34|00|f3|00|00|01|11|21|a8|ac|14|0a|0e|e0|00|00|fc|d1|6f|14|eb|00|20|2d|3e|f6|c6|00|00|00|01|00|00|00|00|00|00|06|69|73|61|74|61|70|00|00|01|00|01|

+---------+---------------+----------+
17:00:24,503,839   ETHER
|0   |33|33|00|01|00|03|00|25|86|ec|75|a2|86|dd|60|00|00|00|00|20|11|01|fe|80|00|00|00|00|00|00|d9|37|15|b1|24|ad|cd|13|ff|02|00|00|00|00|00|00|00|00|00|00|00|01|00|03|eb|80|14|eb|00|20|cc|1a|f6|c6|00|00|00|01|00|00|00|00|00|00|06|69|73|61|74|61|70|00|00|01|00|01|

+---------+---------------+----------+
17:00:24,503,925   ETHER
|0   |01|00|5e|00|00|fc|00|25|86|ec|75|a2|08|00|45|00|00|34|00|f4|00|00|01|11|21|a7|ac|14|0a|0e|e0|00|00|fc|d1|6f|14|eb|00|20|2d|3e|f6|c6|00|00|00|01|00|00|00|00|00|00|06|69|73|61|74|61|70|00|00|01|00|01|

+---------+---------------+----------+
17:00:24,704,134   ETHER
|0   |ff|ff|ff|ff|ff|ff|00|25|86|ec|75|a2|08|00|45|00|00|4e|00|f5|00|00|80|11|cd|64|ac|14|0a|0e|ac|14|0a|0f|00|89|00|89|00|3a|65|5d|e5|51|01|10|00|01|00|00|00|00|00|00|20|45|4a|46|44|45|42|46|45|45|42|46|41|43|41|43|41|43|41|43|41|43|41|43|41|43|41|43|41|43|41|41|41|00|00|20|00|01|

+---------+---------------+----------+
17:00:25,453,722   ETHER
|0   |ff|ff|ff|ff|ff|ff|00|25|86|ec|75|a2|08|00|45|00|00|4e|00|f6|00|00|80|11|cd|63|ac|14|0a|0e|ac|14|0a|0f|00|89|00|89|00|3a|65|5d|e5|51|01|10|00|01|00|00|00|00|00|00|20|45|4a|46|44|45|42|46|45|45|42|46|41|43|41|43|41|43|41|43|41|43|41|43|41|43|41|43|41|43|41|41|41|00|00|20|00|01|

+---------+---------------+----------+
17:00:26,203,660   ETHER
|0   |ff|ff|ff|ff|ff|ff|00|25|86|ec|75|a2|08|00|45|00|00|4e|00|f7|00|00|80|11|cd|62|ac|14|0a|0e|ac|14|0a|0f|00|89|00|89|00|3a|65|5d|e5|51|01|10|00|01|00|00|00|00|00|00|20|45|4a|46|44|45|42|46|45|45|42|46|41|43|41|43|41|43|41|43|41|43|41|43|41|43|41|43|41|43|41|41|41|00|00|20|00|01|

+---------+---------------+----------+
17:00:26,954,563   ETHER
|0   |33|33|00|01|00|03|00|25|86|ec|75|a2|86|dd|60|00|00|00|00|20|11|01|fe|80|00|00|00|00|00|00|d9|37|15|b1|24|ad|cd|13|ff|02|00|00|00|00|00|00|00|00|00|00|00|01|00|03|cd|b1|14|eb|00|20|5b|55|85|5b|00|00|00|01|00|00|00|00|00|00|06|69|73|61|74|61|70|00|00|01|00|01|

+---------+---------------+----------+
17:00:26,954,823   ETHER
|0   |01|00|5e|00|00|fc|00|25|86|ec|75|a2|08|00|45|00|00|34|00|f8|00|00|01|11|21|a3|ac|14|0a|0e|e0|00|00|fc|f7|48|14|eb|00|20|78|d0|85|5b|00|00|00|01|00|00|00|00|00|00|06|69|73|61|74|61|70|00|00|01|00|01|

+---------+---------------+----------+
17:00:27,053,722   ETHER
|0   |33|33|00|01|00|03|00|25|86|ec|75|a2|86|dd|60|00|00|00|00|20|11|01|fe|80|00|00|00|00|00|00|d9|37|15|b1|24|ad|cd|13|ff|02|00|00|00|00|00|00|00|00|00|00|00|01|00|03|cd|b1|14|eb|00|20|5b|55|85|5b|00|00|00|01|00|00|00|00|00|00|06|69|73|61|74|61|70|00|00|01|00|01|

+---------+---------------+----------+
17:00:27,053,807   ETHER
|0   |01|00|5e|00|00|fc|00|25|86|ec|75|a2|08|00|45|00|00|34|00|f9|00|00|01|11|21|a2|ac|14|0a|0e|e0|00|00|fc|f7|48|14|eb|00|20|78|d0|85|5b|00|00|00|01|00|00|00|00|00|00|06|69|73|61|74|61|70|00|00|01|00|01|

+---------+---------------+----------+
17:00:27,254,043   ETHER
|0   |ff|ff|ff|ff|ff|ff|00|25|86|ec|75|a2|08|00|45|00|00|4e|00|fa|00|00|80|11|cd|5f|ac|14|0a|0e|ac|14|0a|0f|00|89|00|89|00|3a|65|55|e5|59|01|10|00|01|00|00|00|00|00|00|20|45|4a|46|44|45|42|46|45|45|42|46|41|43|41|43|41|43|41|43|41|43|41|43|41|43|41|43|41|43|41|41|41|00|00|20|00|01|

+---------+---------------+----------+
17:00:28,003,668   ETHER
|0   |ff|ff|ff|ff|ff|ff|00|25|86|ec|75|a2|08|00|45|00|00|4e|00|fb|00|00|80|11|cd|5e|ac|14|0a|0e|ac|14|0a|0f|00|89|00|89|00|3a|65|55|e5|59|01|10|00|01|00|00|00|00|00|00|20|45|4a|46|44|45|42|46|45|45|42|46|41|43|41|43|41|43|41|43|41|43|41|43|41|43|41|43|41|43|41|41|41|00|00|20|00|01|

+---------+---------------+----------+
17:00:28,753,622   ETHER
|0   |ff|ff|ff|ff|ff|ff|00|25|86|ec|75|a2|08|00|45|00|00|4e|00|fc|00|00|80|11|cd|5d|ac|14|0a|0e|ac|14|0a|0f|00|89|00|89|00|3a|65|55|e5|59|01|10|00|01|00|00|00|00|00|00|20|45|4a|46|44|45|42|46|45|45|42|46|41|43|41|43|41|43|41|43|41|43|41|43|41|43|41|43|41|43|41|41|41|00|00|20|00|01|

+---------+---------------+----------+
17:00:29,504,910   ETHER
|0   |33|33|00|01|00|03|00|25|86|ec|75|a2|86|dd|60|00|00|00|00|20|11|01|fe|80|00|00|00|00|00|00|d9|37|15|b1|24|ad|cd|13|ff|02|00|00|00|00|00|00|00|00|00|00|00|01|00|03|fe|c0|14|eb|00|20|27|00|88|a1|00|00|00|01|00|00|00|00|00|00|06|69|73|61|74|61|70|00|00|01|00|01|

+---------+---------------+----------+
17:00:29,505,234   ETHER
|0   |01|00|5e|00|00|fc|00|25|86|ec|75|a2|08|00|45|00|00|34|00|fd|00|00|01|11|21|9e|ac|14|0a|0e|e0|00|00|fc|c2|31|14|eb|00|20|aa|a1|88|a1|00|00|00|01|00|00|00|00|00|00|06|69|73|61|74|61|70|00|00|01|00|01|

+---------+---------------+----------+
17:00:29,603,594   ETHER
|0   |33|33|00|01|00|03|00|25|86|ec|75|a2|86|dd|60|00|00|00|00|20|11|01|fe|80|00|00|00|00|00|00|d9|37|15|b1|24|ad|cd|13|ff|02|00|00|00|00|00|00|00|00|00|00|00|01|00|03|fe|c0|14|eb|00|20|27|00|88|a1|00|00|00|01|00|00|00|00|00|00|06|69|73|61|74|61|70|00|00|01|00|01|

+---------+---------------+----------+
17:00:29,603,694   ETHER
|0   |01|00|5e|00|00|fc|00|25|86|ec|75|a2|08|00|45|00|00|34|00|fe|00|00|01|11|21|9d|ac|14|0a|0e|e0|00|00|fc|c2|31|14|eb|00|20|aa|a1|88|a1|00|00|00|01|00|00|00|00|00|00|06|69|73|61|74|61|70|00|00|01|00|01|

+---------+---------------+----------+
17:00:29,804,055   ETHER
|0   |ff|ff|ff|ff|ff|ff|00|25|86|ec|75|a2|08|00|45|00|00|4e|00|ff|00|00|80|11|cd|5a|ac|14|0a|0e|ac|14|0a|0f|00|89|00|89|00|3a|65|4d|e5|61|01|10|00|01|00|00|00|00|00|00|20|45|4a|46|44|45|42|46|45|45|42|46|41|43|41|43|41|43|41|43|41|43|41|43|41|43|41|43|41|43|41|41|41|00|00|20|00|01|

+---------+---------------+----------+
17:00:30,553,620   ETHER
|0   |ff|ff|ff|ff|ff|ff|00|25|86|ec|75|a2|08|00|45|00|00|4e|01|00|00|00|80|11|cd|59|ac|14|0a|0e|ac|14|0a|0f|00|89|00|89|00|3a|65|4d|e5|61|01|10|00|01|00|00|00|00|00|00|20|45|4a|46|44|45|42|46|45|45|42|46|41|43|41|43|41|43|41|43|41|43|41|43|41|43|41|43|41|43|41|41|41|00|00|20|00|01|

+---------+---------------+----------+
17:00:31,303,583   ETHER
|0   |ff|ff|ff|ff|ff|ff|00|25|86|ec|75|a2|08|00|45|00|00|4e|01|01|00|00|80|11|cd|58|ac|14|0a|0e|ac|14|0a|0f|00|89|00|89|00|3a|65|4d|e5|61|01|10|00|01|00|00|00|00|00|00|20|45|4a|46|44|45|42|46|45|45|42|46|41|43|41|43|41|43|41|43|41|43|41|43|41|43|41|43|41|43|41|41|41|00|00|20|00|01|

+---------+---------------+----------+
17:00:32,054,530   ETHER
|0   |33|33|00|01|00|03|00|25|86|ec|75|a2|86|dd|60|00|00|00|00|20|11|01|fe|80|00|00|00|00|00|00|d9|37|15|b1|24|ad|cd|13|ff|02|00|00|00|00|00|00|00|00|00|00|00|01|00|03|f6|de|14|eb|00|20|54|63|63|20|00|00|00|01|00|00|00|00|00|00|06|69|73|61|74|61|70|00|00|01|00|01|

+---------+---------------+----------+
17:00:32,054,856   ETHER
|0   |01|00|5e|00|00|fc|00|25|86|ec|75|a2|08|00|45|00|00|34|01|02|00|00|01|11|21|99|ac|14|0a|0e|e0|00|00|fc|ca|56|14|eb|00|20|c7|fd|63|20|00|00|00|01|00|00|00|00|00|00|06|69|73|61|74|61|70|00|00|01|00|01|

+---------+---------------+----------+
17:00:32,085,255   ETHER
|0   |01|00|5e|7f|ff|fa|00|25|86|ec|75|a2|08|00|45|00|03|fd|01|03|00|00|01|11|0e|d1|ac|14|0a|0e|ef|ff|ff|fa|e5|db|0e|76|03|e9|75|bd|3c|3f|78|6d|6c|20|76|65|72|73|69|6f|6e|3d|22|31|2e|30|22|20|65|6e|63|6f|64|69|6e|67|3d|22|75|74|66|2d|38|22|3f|3e|3c|73|6f|61|70|3a|45|6e|76|65|6c|6f|70|65|20|78|6d|6c|6e|73|3a|73|6f|61|70|3d|22|68|74|74|70|3a|2f|2f|77|77|77|2e|77|33|2e|6f|72|67|2f|32|30|30|33|2f|30|35|2f|73|6f|61|70|2d|65|6e|76|65|6c|6f|70|65|22|20|78|6d|6c|6e|73|3a|77|73|61|3d|22|68|74|74|70|3a|2f|2f|73|63|68|65|6d|61|73|2e|78|6d|6c|73|6f|61|70|2e|6f|72|67|2f|77|73|2f|32|30|30|34|2f|30|38|2f|61|64|64|72|65|73|73|69|6e|67|22|20|78|6d|6c|6e|73|3a|77|73|64|3d|22|68|74|74|70|3a|2f|2f|73|63|68|65|6d|61|73|2e|78|6d|6c|73|6f|61|70|2e|6f|72|67|2f|77|73|2f|32|30|30|35|2f|30|34|2f|64|69|73|63|6f|76|65|72|79|22|20|78|6d|6c|6e|73|3a|77|73|64|70|3d|22|68|74|74|70|3a|2f|2f|73|63|68|65|6d|61|73|2e|78|6d|6c|73|6f|61|70|2e|6f|72|67|2f|77|73|2f|32|30|30|36|2f|30|32|2f|64|65|76|70|72|6f|66|22|20|78|6d|6c|6e|73|3a|70|75|62|3d|22|68|74|74|70|3a|2f|2f|73|63|68|65|6d|61|73|2e|6d|69|63|72|6f|73|6f|66|74|2e|63|6f|6d|2f|77|69|6e|64|6f|77|73|2f|70|75|62|2f|32|30|30|35|2f|30|37|22|3e|3c|73|6f|61|70|3a|48|65|61|64|65|72|3e|3c|77|73|61|3a|54|6f|3e|75|72|6e|3a|73|63|68|65|6d|61|73|2d|78|6d|6c|73|6f|61|70|2d|6f|72|67|3a|77|73|3a|32|30|30|35|3a|30|34|3a|64|69|73|63|6f|76|65|72|79|3c|2f|77|73|61|3a|54|6f|3e|3c|77|73|61|3a|41|63|74|69|6f|6e|3e|68|74|74|70|3a|2f|2f|73|63|68|65|6d|61|73|2e|78|6d|6c|73|6f|61|70|2e|6f|72|67|2f|77|73|2f|32|30|30|35|2f|30|34|2f|64|69|73|63|6f|76|65|72|79|2f|48|65|6c|6c|6f|3c|2f|77|73|61|3a|41|63|74|69|6f|6e|3e|3c|77|73|61|3a|4d|65|73|73|61|67|65|49|44|3e|75|72|6e|3a|75|75|69|64|3a|33|33|65|38|36|61|63|36|2d|65|63|31|39|2d|34|66|63|36|2d|62|62|38|65|2d|37|61|30|37|30|36|32|32|30|35|64|38|3c|2f|77|73|61|3a|4d|65|73|73|61|67|65|49|44|3e|3c|77|73|64|3a|41|70|70|53|65|71|75|65|6e|63|65|20|49|6e|73|74|61|6e|63|65|49|64|3d|22|36|39|36|22|20|53|65|71|75|65|6e|63|65|49|64|3d|22|75|72|6e|3a|75|75|69|64|3a|30|63|39|65|34|31|32|66|2d|37|30|63|36|2d|34|66|61|36|2d|61|32|64|32|2d|66|65|66|34|64|63|31|65|34|61|30|65|22|20|4d|65|73|73|61|67|65|4e|75|6d|62|65|72|3d|22|31|34|32|22|3e|3c|2f|77|73|64|3a|41|70|70|53|65|71|75|65|6e|63|65|3e|3c|2f|73|6f|61|70|3a|48|65|61|64|65|72|3e|3c|73|6f|61|70|3a|42|6f|64|79|3e|3c|77|73|64|3a|48|65|6c|6c|6f|3e|3c|77|73|61|3a|45|6e|64|70|6f|69|6e|74|52|65|66|65|72|65|6e|63|65|3e|3c|77|73|61|3a|41|64|64|72|65|73|73|3e|75|72|6e|3a|75|75|69|64|3a|31|37|35|65|37|31|31|33|2d|38|37|63|63|2d|34|33|35|32|2d|61|62|63|39|2d|34|63|32|36|32|31|61|38|36|31|31|34|3c|2f|77|73|61|3a|41|64|64|72|65|73|73|3e|3c|2f|77|73|61|3a|45|6e|64|70|6f|69|6e|74|52|65|66|65|72|65|6e|63|65|3e|3c|77|73|64|3a|54|79|70|65|73|3e|77|73|64|70|3a|44|65|76|69|63|65|20|70|75|62|3a|43|6f|6d|70|75|74|65|72|3c|2f|77|73|64|3a|54|79|70|65|73|3e|3c|77|73|64|3a|4d|65|74|61|64|61|74|61|56|65|72|73|69|6f|6e|3e|38|38|3c|2f|77|73|64|3a|4d|65|74|61|64|61|74|61|56|65|72|73|69|6f|6e|3e|3c|2f|77|73|64|3a|48|65|6c|6c|6f|3e|3c|2f|73|6f|61|70|3a|42|6f|64|79|3e|3c|2f|73|6f|61|70|3a|45|6e|76|65|6c|6f|70|65|3e|

+---------+---------------+----------+
17:00:32,085,670   ETHER
|0   |33|33|00|00|00|0c|00|25|86|ec|75|a2|86|dd|60|00|00|00|03|e9|11|01|fe|80|00|00|00|00|00|00|d9|37|15|b1|24|ad|cd|13|ff|02|00|00|00|00|00|00|00|00|00|00|00|00|00|0c|e5|dc|0e|76|03|e9|3d|a0|3c|3f|78|6d|6c|20|76|65|72|73|69|6f|6e|3d|22|31|2e|30|22|20|65|6e|63|6f|64|69|6e|67|3d|22|75|74|66|2d|38|22|3f|3e|3c|73|6f|61|70|3a|45|6e|76|65|6c|6f|70|65|20|78|6d|6c|6e|73|3a|73|6f|61|70|3d|22|68|74|74|70|3a|2f|2f|77|77|77|2e|77|33|2e|6f|72|67|2f|32|30|30|33|2f|30|35|2f|73|6f|61|70|2d|65|6e|76|65|6c|6f|70|65|22|20|78|6d|6c|6e|73|3a|77|73|61|3d|22|68|74|74|70|3a|2f|2f|73|63|68|65|6d|61|73|2e|78|6d|6c|73|6f|61|70|2e|6f|72|67|2f|77|73|2f|32|30|30|34|2f|30|38|2f|61|64|64|72|65|73|73|69|6e|67|22|20|78|6d|6c|6e|73|3a|77|73|64|3d|22|68|74|74|70|3a|2f|2f|73|63|68|65|6d|61|73|2e|78|6d|6c|73|6f|61|70|2e|6f|72|67|2f|77|73|2f|32|30|30|35|2f|30|34|2f|64|69|73|63|6f|76|65|72|79|22|20|78|6d|6c|6e|73|3a|77|73|64|70|3d|22|68|74|74|70|3a|2f|2f|73|63|68|65|6d|61|73|2e|78|6d|6c|73|6f|61|70|2e|6f|72|67|2f|77|73|2f|32|30|30|36|2f|30|32|2f|64|65|76|70|72|6f|66|22|20|78|6d|6c|6e|73|3a|70|75|62|3d|22|68|74|74|70|3a|2f|2f|73|63|68|65|6d|61|73|2e|6d|69|63|72|6f|73|6f|66|74|2e|63|6f|6d|2f|77|69|6e|64|6f|77|73|2f|70|75|62|2f|32|30|30|35|2f|30|37|22|3e|3c|73|6f|61|70|3a|48|65|61|64|65|72|3e|3c|77|73|61|3a|54|6f|3e|75|72|6e|3a|73|63|68|65|6d|61|73|2d|78|6d|6c|73|6f|61|70|2d|6f|72|67|3a|77|73|3a|32|30|30|35|3a|30|34|3a|64|69|73|63|6f|76|65|72|79|3c|2f|77|73|61|3a|54|6f|3e|3c|77|73|61|3a|41|63|74|69|6f|6e|3e|68|74|74|70|3a|2f|2f|73|63|68|65|6d|61|73|2e|78|6d|6c|73|6f|61|70|2e|6f|72|67|2f|77|73|2f|32|30|30|35|2f|30|34|2f|64|69|73|63|6f|76|65|72|79|2f|48|65|6c|6c|6f|3c|2f|77|73|61|3a|41|63|74|69|6f|6e|3e|3c|77|73|61|3a|4d|65|73|73|61|67|65|49|44|3e|75|72|6e|3a|75|75|69|64|3a|33|33|65|38|36|61|63|36|2d|65|63|31|39|2d|34|66|63|36|2d|62|62|38|65|2d|37|61|30|37|30|36|32|32|30|35|64|38|3c|2f|77|73|61|3a|4d|65|73|73|61|67|65|49|44|3e|3c|77|73|64|3a|41|70|70|53|65|71|75|65|6e|63|65|20|49|6e|73|74|61|6e|63|65|49|64|3d|22|36|39|36|22|20|53|65|71|75|65|6e|63|65|49|64|3d|22|75|72|6e|3a|75|75|69|64|3a|30|63|39|65|34|31|32|66|2d|37|30|63|36|2d|34|66|61|36|2d|61|32|64|32|2d|66|65|66|34|64|63|31|65|34|61|30|65|22|20|4d|65|73|73|61|67|65|4e|75|6d|62|65|72|3d|22|31|34|32|22|3e|3c|2f|77|73|64|3a|41|70|70|53|65|71|75|65|6e|63|65|3e|3c|2f|73|6f|61|70|3a|48|65|61|64|65|72|3e|3c|73|6f|61|70|3a|42|6f|64|79|3e|3c|77|73|64|3a|48|65|6c|6c|6f|3e|3c|77|73|61|3a|45|6e|64|70|6f|69|6e|74|52|65|66|65|72|65|6e|63|65|3e|3c|77|73|61|3a|41|64|64|72|65|73|73|3e|75|72|6e|3a|75|75|69|64|3a|31|37|35|65|37|31|31|33|2d|38|37|63|63|2d|34|33|35|32|2d|61|62|63|39|2d|34|63|32|36|32|31|61|38|36|31|31|34|3c|2f|77|73|61|3a|41|64|64|72|65|73|73|3e|3c|2f|77|73|61|3a|45|6e|64|70|6f|69|6e|74|52|65|66|65|72|65|6e|63|65|3e|3c|77|73|64|3a|54|79|70|65|73|3e|77|73|64|70|3a|44|65|76|69|63|65|20|70|75|62|3a|43|6f|6d|70|75|74|65|72|3c|2f|77|73|64|3a|54|79|70|65|73|3e|3c|77|73|64|3a|4d|65|74|61|64|61|74|61|56|65|72|73|69|6f|6e|3e|38|38|3c|2f|77|73|64|3a|4d|65|74|61|64|61|74|61|56|65|72|73|69|6f|6e|3e|3c|2f|77|73|64|3a|48|65|6c|6c|6f|3e|3c|2f|73|6f|61|70|3a|42|6f|64|79|3e|3c|2f|73|6f|61|70|3a|45|6e|76|65|6c|6f|70|65|3e|

+---------+---------------+----------+
17:00:32,086,294   ETHER
|0   |ff|ff|ff|ff|ff|ff|00|25|86|ec|75|a2|08|06|00|01|08|00|06|04|00|01|00|25|86|ec|75|a2|ac|14|0a|0e|00|00|00|00|00|00|ac|14|0a|01|

+---------+---------------+----------+
17:00:32,105,162   ETHER
|0   |00|25|86|ec|75|a2|b6|8b|19|8e|27|64|08|06|00|01|08|00|06|04|00|02|b6|8b|19|8e|27|64|ac|14|0a|01|00|25|86|ec|75|a2|ac|14|0a|0e|

+---------+---------------+----------+
17:00:32,153,623   ETHER
|0   |33|33|00|01|00|03|00|25|86|ec|75|a2|86|dd|60|00|00|00|00|20|11|01|fe|80|00|00|00|00|00|00|d9|37|15|b1|24|ad|cd|13|ff|02|00|00|00|00|00|00|00|00|00|00|00|01|00|03|f6|de|14|eb|00|20|54|63|63|20|00|00|00|01|00|00|00|00|00|00|06|69|73|61|74|61|70|00|00|01|00|01|

+---------+---------------+----------+
17:00:32,153,787   ETHER
|0   |01|00|5e|00|00|fc|00|25|86|ec|75|a2|08|00|45|00|00|34|01|04|00|00|01|11|21|97|ac|14|0a|0e|e0|00|00|fc|ca|56|14|eb|00|20|c7|fd|63|20|00|00|00|01|00|00|00|00|00|00|06|69|73|61|74|61|70|00|00|01|00|01|

+---------+---------------+----------+
17:00:32,173,589   ETHER
|0   |01|00|5e|7f|ff|fa|00|25|86|ec|75|a2|08|00|45|00|03|fd|01|05|00|00|01|11|0e|cf|ac|14|0a|0e|ef|ff|ff|fa|e5|db|0e|76|03|e9|75|bd|3c|3f|78|6d|6c|20|76|65|72|73|69|6f|6e|3d|22|31|2e|30|22|20|65|6e|63|6f|64|69|6e|67|3d|22|75|74|66|2d|38|22|3f|3e|3c|73|6f|61|70|3a|45|6e|76|65|6c|6f|70|65|20|78|6d|6c|6e|73|3a|73|6f|61|70|3d|22|68|74|74|70|3a|2f|2f|77|77|77|2e|77|33|2e|6f|72|67|2f|32|30|30|33|2f|30|35|2f|73|6f|61|70|2d|65|6e|76|65|6c|6f|70|65|22|20|78|6d|6c|6e|73|3a|77|73|61|3d|22|68|74|74|70|3a|2f|2f|73|63|68|65|6d|61|73|2e|78|6d|6c|73|6f|61|70|2e|6f|72|67|2f|77|73|2f|32|30|30|34|2f|30|38|2f|61|64|64|72|65|73|73|69|6e|67|22|20|78|6d|6c|6e|73|3a|77|73|64|3d|22|68|74|74|70|3a|2f|2f|73|63|68|65|6d|61|73|2e|78|6d|6c|73|6f|61|70|2e|6f|72|67|2f|77|73|2f|32|30|30|35|2f|30|34|2f|64|69|73|63|6f|76|65|72|79|22|20|78|6d|6c|6e|73|3a|77|73|64|70|3d|22|68|74|74|70|3a|2f|2f|73|63|68|65|6d|61|73|2e|78|6d|6c|73|6f|61|70|2e|6f|72|67|2f|77|73|2f|32|30|30|36|2f|30|32|2f|64|65|76|70|72|6f|66|22|20|78|6d|6c|6e|73|3a|70|75|62|3d|22|68|74|74|70|3a|2f|2f|73|63|68|65|6d|61|73|2e|6d|69|63|72|6f|73|6f|66|74|2e|63|6f|6d|2f|77|69|6e|64|6f|77|73|2f|70|75|62|2f|32|30|30|35|2f|30|37|22|3e|3c|73|6f|61|70|3a|48|65|61|64|65|72|3e|3c|77|73|61|3a|54|6f|3e|75|72|6e|3a|73|63|68|65|6d|61|73|2d|78|6d|6c|73|6f|61|70|2d|6f|72|67|3a|77|73|3a|32|30|30|35|3a|30|34|3a|64|69|73|63|6f|76|65|72|79|3c|2f|77|73|61|3a|54|6f|3e|3c|77|73|61|3a|41|63|74|69|6f|6e|3e|68|74|74|70|3a|2f|2f|73|63|68|65|6d|61|73|2e|78|6d|6c|73|6f|61|70|2e|6f|72|67|2f|77|73|2f|32|30|30|35|2f|30|34|2f|64|69|73|63|6f|76|65|72|79|2f|48|65|6c|6c|6f|3c|2f|77|73|61|3a|41|63|74|69|6f|6e|3e|3c|77|73|61|3a|4d|65|73|73|61|67|65|49|44|3e|75|72|6e|3a|75|75|69|64|3a|33|33|65|38|36|61|63|36|2d|65|63|31|39|2d|34|66|63|36|2d|62|62|38|65|2d|37|61|30|37|30|36|32|32|30|35|64|38|3c|2f|77|73|61|3a|4d|65|73|73|61|67|65|49|44|3e|3c|77|73|64|3a|41|70|70|53|65|71|75|65|6e|63|65|20|49|6e|73|74|61|6e|63|65|49|64|3d|22|36|39|36|22|20|53|65|71|75|65|6e|63|65|49|64|3d|22|75|72|6e|3a|75|75|69|64|3a|30|63|39|65|34|31|32|66|2d|37|30|63|36|2d|34|66|61|36|2d|61|32|64|32|2d|66|65|66|34|64|63|31|65|34|61|30|65|22|20|4d|65|73|73|61|67|65|4e|75|6d|62|65|72|3d|22|31|34|32|22|3e|3c|2f|77|73|64|3a|41|70|70|53|65|71|75|65|6e|63|65|3e|3c|2f|73|6f|61|70|3a|48|65|61|64|65|72|3e|3c|73|6f|61|70|3a|42|6f|64|79|3e|3c|77|73|64|3a|48|65|6c|6c|6f|3e|3c|77|73|61|3a|45|6e|64|70|6f|69|6e|74|52|65|66|65|72|65|6e|63|65|3e|3c|77|73|61|3a|41|64|64|72|65|73|73|3e|75|72|6e|3a|75|75|69|64|3a|31|37|35|65|37|31|31|33|2d|38|37|63|63|2d|34|33|35|32|2d|61|62|63|39|2d|34|63|32|36|32|31|61|38|36|31|31|34|3c|2f|77|73|61|3a|41|64|64|72|65|73|73|3e|3c|2f|77|73|61|3a|45|6e|64|70|6f|69|6e|74|52|65|66|65|72|65|6e|63|65|3e|3c|77|73|64|3a|54|79|70|65|73|3e|77|73|64|70|3a|44|65|76|69|63|65|20|70|75|62|3a|43|6f|6d|70|75|74|65|72|3c|2f|77|73|64|3a|54|79|70|65|73|3e|3c|77|73|64|3a|4d|65|74|61|64|61|74|61|56|65|72|73|69|6f|6e|3e|38|38|3c|2f|77|73|64|3a|4d|65|74|61|64|61|74|61|56|65|72|73|69|6f|6e|3e|3c|2f|77|73|64|3a|48|65|6c|6c|6f|3e|3c|2f|73|6f|61|70|3a|42|6f|64|79|3e|3c|2f|73|6f|61|70|3a|45|6e|76|65|6c|6f|70|65|3e|

+---------+---------------+----------+
17:00:32,213,568   ETHER
|0   |33|33|00|00|00|0c|00|25|86|ec|75|a2|86|dd|60|00|00|00|03|e9|11|01|fe|80|00|00|00|00|00|00|d9|37|15|b1|24|ad|cd|13|ff|02|00|00|00|00|00|00|00|00|00|00|00|00|00|0c|e5|dc|0e|76|03|e9|3d|a0|3c|3f|78|6d|6c|20|76|65|72|73|69|6f|6e|3d|22|31|2e|30|22|20|65|6e|63|6f|64|69|6e|67|3d|22|75|74|66|2d|38|22|3f|3e|3c|73|6f|61|70|3a|45|6e|76|65|6c|6f|70|65|20|78|6d|6c|6e|73|3a|73|6f|61|70|3d|22|68|74|74|70|3a|2f|2f|77|77|77|2e|77|33|2e|6f|72|67|2f|32|30|30|33|2f|30|35|2f|73|6f|61|70|2d|65|6e|76|65|6c|6f|70|65|22|20|78|6d|6c|6e|73|3a|77|73|61|3d|22|68|74|74|70|3a|2f|2f|73|63|68|65|6d|61|73|2e|78|6d|6c|73|6f|61|70|2e|6f|72|67|2f|77|73|2f|32|30|30|34|2f|30|38|2f|61|64|64|72|65|73|73|69|6e|67|22|20|78|6d|6c|6e|73|3a|77|73|64|3d|22|68|74|74|70|3a|2f|2f|73|63|68|65|6d|61|73|2e|78|6d|6c|73|6f|61|70|2e|6f|72|67|2f|77|73|2f|32|30|30|35|2f|30|34|2f|64|69|73|63|6f|76|65|72|79|22|20|78|6d|6c|6e|73|3a|77|73|64|70|3d|22|68|74|74|70|3a|2f|2f|73|63|68|65|6d|61|73|2e|78|6d|6c|73|6f|61|70|2e|6f|72|67|2f|77|73|2f|32|30|30|36|2f|30|32|2f|64|65|76|70|72|6f|66|22|20|78|6d|6c|6e|73|3a|70|75|62|3d|22|68|74|74|70|3a|2f|2f|73|63|68|65|6d|61|73|2e|6d|69|63|72|6f|73|6f|66|74|2e|63|6f|6d|2f|77|69|6e|64|6f|77|73|2f|70|75|62|2f|32|30|30|35|2f|30|37|22|3e|3c|73|6f|61|70|3a|48|65|61|64|65|72|3e|3c|77|73|61|3a|54|6f|3e|75|72|6e|3a|73|63|68|65|6d|61|73|2d|78|6d|6c|73|6f|61|70|2d|6f|72|67|3a|77|73|3a|32|30|30|35|3a|30|34|3a|64|69|73|63|6f|76|65|72|79|3c|2f|77|73|61|3a|54|6f|3e|3c|77|73|61|3a|41|63|74|69|6f|6e|3e|68|74|74|70|3a|2f|2f|73|63|68|65|6d|61|73|2e|78|6d|6c|73|6f|61|70|2e|6f|72|67|2f|77|73|2f|32|30|30|35|2f|30|34|2f|64|69|73|63|6f|76|65|72|79|2f|48|65|6c|6c|6f|3c|2f|77|73|61|3a|41|63|74|69|6f|6e|3e|3c|77|73|61|3a|4d|65|73|73|61|67|65|49|44|3e|75|72|6e|3a|75|75|69|64|3a|33|33|65|38|36|61|63|36|2d|65|63|31|39|2d|34|66|63|36|2d|62|62|38|65|2d|37|61|30|37|30|36|32|32|30|35|64|38|3c|2f|77|73|61|3a|4d|65|73|73|61|67|65|49|44|3e|3c|77|73|64|3a|41|70|70|53|65|71|75|65|6e|63|65|20|49|6e|73|74|61|6e|63|65|49|64|3d|22|36|39|36|22|20|53|65|71|75|65|6e|63|65|49|64|3d|22|75|72|6e|3a|75|75|69|64|3a|30|63|39|65|34|31|32|66|2d|37|30|63|36|2d|34|66|61|36|2d|61|32|64|32|2d|66|65|66|34|64|63|31|65|34|61|30|65|22|20|4d|65|73|73|61|67|65|4e|75|6d|62|65|72|3d|22|31|34|32|22|3e|3c|2f|77|73|64|3a|41|70|70|53|65|71|75|65|6e|63|65|3e|3c|2f|73|6f|61|70|3a|48|65|61|64|65|72|3e|3c|73|6f|61|70|3a|42|6f|64|79|3e|3c|77|73|64|3a|48|65|6c|6c|6f|3e|3c|77|73|61|3a|45|6e|64|70|6f|69|6e|74|52|65|66|65|72|65|6e|63|65|3e|3c|77|73|61|3a|41|64|64|72|65|73|73|3e|75|72|6e|3a|75|75|69|64|3a|31|37|35|65|37|31|31|33|2d|38|37|63|63|2d|34|33|35|32|2d|61|62|63|39|2d|34|63|32|36|32|31|61|38|36|31|31|34|3c|2f|77|73|61|3a|41|64|64|72|65|73|73|3e|3c|2f|77|73|61|3a|45|6e|64|70|6f|69|6e|74|52|65|66|65|72|65|6e|63|65|3e|3c|77|73|64|3a|54|79|70|65|73|3e|77|73|64|70|3a|44|65|76|69|63|65|20|70|75|62|3a|43|6f|6d|70|75|74|65|72|3c|2f|77|73|64|3a|54|79|70|65|73|3e|3c|77|73|64|3a|4d|65|74|61|64|61|74|61|56|65|72|73|69|6f|6e|3e|38|38|3c|2f|77|73|64|3a|4d|65|74|61|64|61|74|61|56|65|72|73|69|6f|6e|3e|3c|2f|77|73|64|3a|48|65|6c|6c|6f|3e|3c|2f|73|6f|61|70|3a|42|6f|64|79|3e|3c|2f|73|6f|61|70|3a|45|6e|76|65|6c|6f|70|65|3e|

+---------+---------------+----------+
17:00:32,353,888   ETHER
|0   |ff|ff|ff|ff|ff|ff|00|25|86|ec|75|a2|08|00|45|00|00|4e|01|06|00|00|80|11|cd|53|ac|14|0a|0e|ac|14|0a|0f|00|89|00|89|00|3a|65|45|e5|69|01|10|00|01|00|00|00|00|00|00|20|45|4a|46|44|45|42|46|45|45|42|46|41|43|41|43|41|43|41|43|41|43|41|43|41|43|41|43|41|43|41|41|41|00|00|20|00|01|

+---------+---------------+----------+
17:00:32,361,701   ETHER
|0   |01|00|5e|7f|ff|fa|00|25|86|ec|75|a2|08|00|45|00|00|a1|01|07|00|00|01|11|12|29|ac|14|0a|0e|ef|ff|ff|fa|f3|56|07|6c|00|8d|b8|0a|4d|2d|53|45|41|52|43|48|20|2a|20|48|54|54|50|2f|31|2e|31|0d|0a|48|6f|73|74|3a|32|33|39|2e|32|35|35|2e|32|35|35|2e|32|35|30|3a|31|39|30|30|0d|0a|53|54|3a|75|72|6e|3a|73|63|68|65|6d|61|73|2d|75|70|6e|70|2d|6f|72|67|3a|64|65|76|69|63|65|3a|49|6e|74|65|72|6e|65|74|47|61|74|65|77|61|79|44|65|76|69|63|65|3a|31|0d|0a|4d|61|6e|3a|22|73|73|64|70|3a|64|69|73|63|6f|76|65|72|22|0d|0a|4d|58|3a|33|0d|0a|0d|0a|

+---------+---------------+----------+
17:00:32,424,536   ETHER
|0   |01|00|5e|7f|ff|fa|00|25|86|ec|75|a2|08|00|45|00|02|ac|01|08|00|00|01|11|10|1d|ac|14|0a|0e|ef|ff|ff|fa|c9|86|0e|76|02|98|91|76|3c|3f|78|6d|6c|20|76|65|72|73|69|6f|6e|3d|22|31|2e|30|22|20|65|6e|63|6f|64|69|6e|67|3d|22|75|74|66|2d|38|22|3f|3e|3c|73|6f|61|70|3a|45|6e|76|65|6c|6f|70|65|20|78|6d|6c|6e|73|3a|73|6f|61|70|3d|22|68|74|74|70|3a|2f|2f|77|77|77|2e|77|33|2e|6f|72|67|2f|32|30|30|33|2f|30|35|2f|73|6f|61|70|2d|65|6e|76|65|6c|6f|70|65|22|20|78|6d|6c|6e|73|3a|77|73|61|3d|22|68|74|74|70|3a|2f|2f|73|63|68|65|6d|61|73|2e|78|6d|6c|73|6f|61|70|2e|6f|72|67|2f|77|73|2f|32|30|30|34|2f|30|38|2f|61|64|64|72|65|73|73|69|6e|67|22|20|78|6d|6c|6e|73|3a|77|73|64|3d|22|68|74|74|70|3a|2f|2f|73|63|68|65|6d|61|73|2e|78|6d|6c|73|6f|61|70|2e|6f|72|67|2f|77|73|2f|32|30|30|35|2f|30|34|2f|64|69|73|63|6f|76|65|72|79|22|3e|3c|73|6f|61|70|3a|48|65|61|64|65|72|3e|3c|77|73|61|3a|54|6f|3e|75|72|6e|3a|73|63|68|65|6d|61|73|2d|78|6d|6c|73|6f|61|70|2d|6f|72|67|3a|77|73|3a|32|30|30|35|3a|30|34|3a|64|69|73|63|6f|76|65|72|79|3c|2f|77|73|61|3a|54|6f|3e|3c|77|73|61|3a|41|63|74|69|6f|6e|3e|68|74|74|70|3a|2f|2f|73|63|68|65|6d|61|73|2e|78|6d|6c|73|6f|61|70|2e|6f|72|67|2f|77|73|2f|32|30|30|35|2f|30|34|2f|64|69|73|63|6f|76|65|72|79|2f|52|65|73|6f|6c|76|65|3c|2f|77|73|61|3a|41|63|74|69|6f|6e|3e|3c|77|73|61|3a|4d|65|73|73|61|67|65|49|44|3e|75|72|6e|3a|75|75|69|64|3a|30|62|62|65|61|66|30|63|2d|33|32|39|62|2d|34|30|35|38|2d|61|39|36|62|2d|36|64|34|66|63|39|35|34|63|34|64|66|3c|2f|77|73|61|3a|4d|65|73|73|61|67|65|49|44|3e|3c|2f|73|6f|61|70|3a|48|65|61|64|65|72|3e|3c|73|6f|61|70|3a|42|6f|64|79|3e|3c|77|73|64|3a|52|65|73|6f|6c|76|65|3e|3c|77|73|61|3a|45|6e|64|70|6f|69|6e|74|52|65|66|65|72|65|6e|63|65|3e|3c|77|73|61|3a|41|64|64|72|65|73|73|3e|75|72|6e|3a|75|75|69|64|3a|31|37|35|65|37|31|31|33|2d|38|37|63|63|2d|34|33|35|32|2d|61|62|63|39|2d|34|63|32|36|32|31|61|38|36|31|31|34|3c|2f|77|73|61|3a|41|64|64|72|65|73|73|3e|3c|2f|77|73|61|3a|45|6e|64|70|6f|69|6e|74|52|65|66|65|72|65|6e|63|65|3e|3c|2f|77|73|64|3a|52|65|73|6f|6c|76|65|3e|3c|2f|73|6f|61|70|3a|42|6f|64|79|3e|3c|2f|73|6f|61|70|3a|45|6e|76|65|6c|6f|70|65|3e|

+---------+---------------+----------+
17:00:32,424,985   ETHER
|0   |33|33|00|00|00|0c|00|25|86|ec|75|a2|86|dd|60|00|00|00|02|98|11|01|fe|80|00|00|00|00|00|00|d9|37|15|b1|24|ad|cd|13|ff|02|00|00|00|00|00|00|00|00|00|00|00|00|00|0c|c9|87|0e|76|02|98|59|59|3c|3f|78|6d|6c|20|76|65|72|73|69|6f|6e|3d|22|31|2e|30|22|20|65|6e|63|6f|64|69|6e|67|3d|22|75|74|66|2d|38|22|3f|3e|3c|73|6f|61|70|3a|45|6e|76|65|6c|6f|70|65|20|78|6d|6c|6e|73|3a|73|6f|61|70|3d|22|68|74|74|70|3a|2f|2f|77|77|77|2e|77|33|2e|6f|72|67|2f|32|30|30|33|2f|30|35|2f|73|6f|61|70|2d|65|6e|76|65|6c|6f|70|65|22|20|78|6d|6c|6e|73|3a|77|73|61|3d|22|68|74|74|70|3a|2f|2f|73|63|68|65|6d|61|73|2e|78|6d|6c|73|6f|61|70|2e|6f|72|67|2f|77|73|2f|32|30|30|34|2f|30|38|2f|61|64|64|72|65|73|73|69|6e|67|22|20|78|6d|6c|6e|73|3a|77|73|64|3d|22|68|74|74|70|3a|2f|2f|73|63|68|65|6d|61|73|2e|78|6d|6c|73|6f|61|70|2e|6f|72|67|2f|77|73|2f|32|30|30|35|2f|30|34|2f|64|69|73|63|6f|76|65|72|79|22|3e|3c|73|6f|61|70|3a|48|65|61|64|65|72|3e|3c|77|73|61|3a|54|6f|3e|75|72|6e|3a|73|63|68|65|6d|61|73|2d|78|6d|6c|73|6f|61|70|2d|6f|72|67|3a|77|73|3a|32|30|30|35|3a|30|34|3a|64|69|73|63|6f|76|65|72|79|3c|2f|77|73|61|3a|54|6f|3e|3c|77|73|61|3a|41|63|74|69|6f|6e|3e|68|74|74|70|3a|2f|2f|73|63|68|65|6d|61|73|2e|78|6d|6c|73|6f|61|70|2e|6f|72|67|2f|77|73|2f|32|30|30|35|2f|30|34|2f|64|69|73|63|6f|76|65|72|79|2f|52|65|73|6f|6c|76|65|3c|2f|77|73|61|3a|41|63|74|69|6f|6e|3e|3c|77|73|61|3a|4d|65|73|73|61|67|65|49|44|3e|75|72|6e|3a|75|75|69|64|3a|30|62|62|65|61|66|30|63|2d|33|32|39|62|2d|34|30|35|38|2d|61|39|36|62|2d|36|64|34|66|63|39|35|34|63|34|64|66|3c|2f|77|73|61|3a|4d|65|73|73|61|67|65|49|44|3e|3c|2f|73|6f|61|70|3a|48|65|61|64|65|72|3e|3c|73|6f|61|70|3a|42|6f|64|79|3e|3c|77|73|64|3a|52|65|73|6f|6c|76|65|3e|3c|77|73|61|3a|45|6e|64|70|6f|69|6e|74|52|65|66|65|72|65|6e|63|65|3e|3c|77|73|61|3a|41|64|64|72|65|73|73|3e|75|72|6e|3a|75|75|69|64|3a|31|37|35|65|37|31|31|33|2d|38|37|63|63|2d|34|33|35|32|2d|61|62|63|39|2d|34|63|32|36|32|31|61|38|36|31|31|34|3c|2f|77|73|61|3a|41|64|64|72|65|73|73|3e|3c|2f|77|73|61|3a|45|6e|64|70|6f|69|6e|74|52|65|66|65|72|65|6e|63|65|3e|3c|2f|77|73|64|3a|52|65|73|6f|6c|76|65|3e|3c|2f|73|6f|61|70|3a|42|6f|64|79|3e|3c|2f|73|6f|61|70|3a|45|6e|76|65|6c|6f|70|65|3e|

+---------+---------------+----------+
17:00:32,493,638   ETHER
|0   |33|33|00|00|00|0c|00|25|86|ec|75|a2|86|dd|60|00|00|00|02|98|11|01|fe|80|00|00|00|00|00|00|d9|37|15|b1|24|ad|cd|13|ff|02|00|00|00|00|00|00|00|00|00|00|00|00|00|0c|c9|87|0e|76|02|98|59|59|3c|3f|78|6d|6c|20|76|65|72|73|69|6f|6e|3d|22|31|2e|30|22|20|65|6e|63|6f|64|69|6e|67|3d|22|75|74|66|2d|38|22|3f|3e|3c|73|6f|61|70|3a|45|6e|76|65|6c|6f|70|65|20|78|6d|6c|6e|73|3a|73|6f|61|70|3d|22|68|74|74|70|3a|2f|2f|77|77|77|2e|77|33|2e|6f|72|67|2f|32|30|30|33|2f|30|35|2f|73|6f|61|70|2d|65|6e|76|65|6c|6f|70|65|22|20|78|6d|6c|6e|73|3a|77|73|61|3d|22|68|74|74|70|3a|2f|2f|73|63|68|65|6d|61|73|2e|78|6d|6c|73|6f|61|70|2e|6f|72|67|2f|77|73|2f|32|30|30|34|2f|30|38|2f|61|64|64|72|65|73|73|69|6e|67|22|20|78|6d|6c|6e|73|3a|77|73|64|3d|22|68|74|74|70|3a|2f|2f|73|63|68|65|6d|61|73|2e|78|6d|6c|73|6f|61|70|2e|6f|72|67|2f|77|73|2f|32|30|30|35|2f|30|34|2f|64|69|73|63|6f|76|65|72|79|22|3e|3c|73|6f|61|70|3a|48|65|61|64|65|72|3e|3c|77|73|61|3a|54|6f|3e|75|72|6e|3a|73|63|68|65|6d|61|73|2d|78|6d|6c|73|6f|61|70|2d|6f|72|67|3a|77|73|3a|32|30|30|35|3a|30|34|3a|64|69|73|63|6f|76|65|72|79|3c|2f|77|73|61|3a|54|6f|3e|3c|77|73|61|3a|41|63|74|69|6f|6e|3e|68|74|74|70|3a|2f|2f|73|63|68|65|6d|61|73|2e|78|6d|6c|73|6f|61|70|2e|6f|72|67|2f|77|73|2f|32|30|30|35|2f|30|34|2f|64|69|73|63|6f|76|65|72|79|2f|52|65|73|6f|6c|76|65|3c|2f|77|73|61|3a|41|63|74|69|6f|6e|3e|3c|77|73|61|3a|4d|65|73|73|61|67|65|49|44|3e|75|72|6e|3a|75|75|69|64|3a|30|62|62|65|61|66|30|63|2d|33|32|39|62|2d|34|30|35|38|2d|61|39|36|62|2d|36|64|34|66|63|39|35|34|63|34|64|66|3c|2f|77|73|61|3a|4d|65|73|73|61|67|65|49|44|3e|3c|2f|73|6f|61|70|3a|48|65|61|64|65|72|3e|3c|73|6f|61|70|3a|42|6f|64|79|3e|3c|77|73|64|3a|52|65|73|6f|6c|76|65|3e|3c|77|73|61|3a|45|6e|64|70|6f|69|6e|74|52|65|66|65|72|65|6e|63|65|3e|3c|77|73|61|3a|41|64|64|72|65|73|73|3e|75|72|6e|3a|75|75|69|64|3a|31|37|35|65|37|31|31|33|2d|38|37|63|63|2d|34|33|35|32|2d|61|62|63|39|2d|34|63|32|36|32|31|61|38|36|31|31|34|3c|2f|77|73|61|3a|41|64|64|72|65|73|73|3e|3c|2f|77|73|61|3a|45|6e|64|70|6f|69|6e|74|52|65|66|65|72|65|6e|63|65|3e|3c|2f|77|73|64|3a|52|65|73|6f|6c|76|65|3e|3c|2f|73|6f|61|70|3a|42|6f|64|79|3e|3c|2f|73|6f|61|70|3a|45|6e|76|65|6c|6f|70|65|3e|

+---------+---------------+----------+
17:00:32,633,579   ETHER
|0   |01|00|5e|7f|ff|fa|00|25|86|ec|75|a2|08|00|45|00|02|ac|01|09|00|00|01|11|10|1c|ac|14|0a|0e|ef|ff|ff|fa|c9|86|0e|76|02|98|91|76|3c|3f|78|6d|6c|20|76|65|72|73|69|6f|6e|3d|22|31|2e|30|22|20|65|6e|63|6f|64|69|6e|67|3d|22|75|74|66|2d|38|22|3f|3e|3c|73|6f|61|70|3a|45|6e|76|65|6c|6f|70|65|20|78|6d|6c|6e|73|3a|73|6f|61|70|3d|22|68|74|74|70|3a|2f|2f|77|77|77|2e|77|33|2e|6f|72|67|2f|32|30|30|33|2f|30|35|2f|73|6f|61|70|2d|65|6e|76|65|6c|6f|70|65|22|20|78|6d|6c|6e|73|3a|77|73|61|3d|22|68|74|74|70|3a|2f|2f|73|63|68|65|6d|61|73|2e|78|6d|6c|73|6f|61|70|2e|6f|72|67|2f|77|73|2f|32|30|30|34|2f|30|38|2f|61|64|64|72|65|73|73|69|6e|67|22|20|78|6d|6c|6e|73|3a|77|73|64|3d|22|68|74|74|70|3a|2f|2f|73|63|68|65|6d|61|73|2e|78|6d|6c|73|6f|61|70|2e|6f|72|67|2f|77|73|2f|32|30|30|35|2f|30|34|2f|64|69|73|63|6f|76|65|72|79|22|3e|3c|73|6f|61|70|3a|48|65|61|64|65|72|3e|3c|77|73|61|3a|54|6f|3e|75|72|6e|3a|73|63|68|65|6d|61|73|2d|78|6d|6c|73|6f|61|70|2d|6f|72|67|3a|77|73|3a|32|30|30|35|3a|30|34|3a|64|69|73|63|6f|76|65|72|79|3c|2f|77|73|61|3a|54|6f|3e|3c|77|73|61|3a|41|63|74|69|6f|6e|3e|68|74|74|70|3a|2f|2f|73|63|68|65|6d|61|73|2e|78|6d|6c|73|6f|61|70|2e|6f|72|67|2f|77|73|2f|32|30|30|35|2f|30|34|2f|64|69|73|63|6f|76|65|72|79|2f|52|65|73|6f|6c|76|65|3c|2f|77|73|61|3a|41|63|74|69|6f|6e|3e|3c|77|73|61|3a|4d|65|73|73|61|67|65|49|44|3e|75|72|6e|3a|75|75|69|64|3a|30|62|62|65|61|66|30|63|2d|33|32|39|62|2d|34|30|35|38|2d|61|39|36|62|2d|36|64|34|66|63|39|35|34|63|34|64|66|3c|2f|77|73|61|3a|4d|65|73|73|61|67|65|49|44|3e|3c|2f|73|6f|61|70|3a|48|65|61|64|65|72|3e|3c|73|6f|61|70|3a|42|6f|64|79|3e|3c|77|73|64|3a|52|65|73|6f|6c|76|65|3e|3c|77|73|61|3a|45|6e|64|70|6f|69|6e|74|52|65|66|65|72|65|6e|63|65|3e|3c|77|73|61|3a|41|64|64|72|65|73|73|3e|75|72|6e|3a|75|75|69|64|3a|31|37|35|65|37|31|31|33|2d|38|37|63|63|2d|34|33|35|32|2d|61|62|63|39|2d|34|63|32|36|32|31|61|38|36|31|31|34|3c|2f|77|73|61|3a|41|64|64|72|65|73|73|3e|3c|2f|77|73|61|3a|45|6e|64|70|6f|69|6e|74|52|65|66|65|72|65|6e|63|65|3e|3c|2f|77|73|64|3a|52|65|73|6f|6c|76|65|3e|3c|2f|73|6f|61|70|3a|42|6f|64|79|3e|3c|2f|73|6f|61|70|3a|45|6e|76|65|6c|6f|70|65|3e|

+---------+---------------+----------+
17:00:33,104,623   ETHER
|0   |ff|ff|ff|ff|ff|ff|00|25|86|ec|75|a2|08|00|45|00|00|4e|01|0a|00|00|80|11|cd|4f|ac|14|0a|0e|ac|14|0a|0f|00|89|00|89|00|3a|65|45|e5|69|01|10|00|01|00|00|00|00|00|00|20|45|4a|46|44|45|42|46|45|45|42|46|41|43|41|43|41|43|41|43|41|43|41|43|41|43|41|43|41|43|41|41|41|00|00|20|00|01|

+---------+---------------+----------+
17:00:33,854,506   ETHER
|0   |ff|ff|ff|ff|ff|ff|00|25|86|ec|75|a2|08|00|45|00|00|4e|01|0b|00|00|80|11|cd|4e|ac|14|0a|0e|ac|14|0a|0f|00|89|00|89|00|3a|65|45|e5|69|01|10|00|01|00|00|00|00|00|00|20|45|4a|46|44|45|42|46|45|45|42|46|41|43|41|43|41|43|41|43|41|43|41|43|41|43|41|43|41|43|41|41|41|00|00|20|00|01|

+---------+---------------+----------+
17:00:34,605,308   ETHER
|0   |33|33|00|01|00|03|00|25|86|ec|75|a2|86|dd|60|00|00|00|00|20|11|01|fe|80|00|00|00|00|00|00|d9|37|15|b1|24|ad|cd|13|ff|02|00|00|00|00|00|00|00|00|00|00|00|01|00|03|e4|8a|14|eb|00|20|cd|6b|fc|6b|00|00|00|01|00|00|00|00|00|00|06|69|73|61|74|61|70|00|00|01|00|01|

+---------+---------------+----------+
17:00:34,605,579   ETHER
|0   |01|00|5e|00|00|fc|00|25|86|ec|75|a2|08|00|45|00|00|34|01|0c|00|00|01|11|21|8f|ac|14|0a|0e|e0|00|00|fc|e8|31|14|eb|00|20|10|d7|fc|6b|00|00|00|01|00|00|00|00|00|00|06|69|73|61|74|61|70|00|00|01|00|01|

+---------+---------------+----------+
17:00:34,704,507   ETHER
|0   |33|33|00|01|00|03|00|25|86|ec|75|a2|86|dd|60|00|00|00|00|20|11|01|fe|80|00|00|00|00|00|00|d9|37|15|b1|24|ad|cd|13|ff|02|00|00|00|00|00|00|00|00|00|00|00|01|00|03|e4|8a|14|eb|00|20|cd|6b|fc|6b|00|00|00|01|00|00|00|00|00|00|06|69|73|61|74|61|70|00|00|01|00|01|

+---------+---------------+----------+
17:00:34,704,600   ETHER
|0   |01|00|5e|00|00|fc|00|25|86|ec|75|a2|08|00|45|00|00|34|01|0d|00|00|01|11|21|8e|ac|14|0a|0e|e0|00|00|fc|e8|31|14|eb|00|20|10|d7|fc|6b|00|00|00|01|00|00|00|00|00|00|06|69|73|61|74|61|70|00|00|01|00|01|

+---------+---------------+----------+
17:00:34,860,731   ETHER
|0   |b6|8b|19|8e|27|64|00|25|86|ec|75|a2|08|00|45|00|00|3b|01|0e|00|00|80|11|cd|6c|ac|14|0a|0e|ac|14|0a|01|cf|d3|00|35|00|27|2f|7b|48|f0|01|00|00|01|00|00|00|00|00|00|09|63|70|6c|75|73|70|6c|75|73|03|63|6f|6d|00|00|01|00|01|

+---------+---------------+----------+
17:00:34,905,000   ETHER
|0   |ff|ff|ff|ff|ff|ff|00|25|86|ec|75|a2|08|00|45|00|00|4e|01|0f|00|00|80|11|cd|4a|ac|14|0a|0e|ac|14|0a|0f|00|89|00|89|00|3a|65|3d|e5|71|01|10|00|01|00|00|00|00|00|00|20|45|4a|46|44|45|42|46|45|45|42|46|41|43|41|43|41|43|41|43|41|43|41|43|41|43|41|43|41|43|41|41|41|00|00|20|00|01|

+---------+---------------+----------+
17:00:34,944,576   ETHER
|0   |b6|8b|19|8e|27|64|00|25|86|ec|75|a2|08|00|45|00|00|28|01|10|40|00|80|06|8c|18|ac|14|0a|0e|bd|0b|fa|79|d2|e9|00|50|15|64|c5|54|cb|08|7b|63|50|14|00|00|4d|ca|00|00|

+---------+---------------+----------+
17:00:35,242,416   ETHER
|0   |00|25|86|ec|75|a2|b6|8b|19|8e|27|64|08|00|45|00|00|4b|39|7a|00|00|40|11|d4|f0|ac|14|0a|01|ac|14|0a|0e|00|35|cf|d3|00|37|a0|c6|48|f0|81|80|00|01|00|01|00|00|00|00|09|63|70|6c|75|73|70|6c|75|73|03|63|6f|6d|00|00|01|00|01|c0|0c|00|01|00|01|00|00|01|79|00|04|a7|72|aa|0f|

+---------+---------------+----------+
17:00:35,247,726   ETHER
|0   |b6|8b|19|8e|27|64|00|25|86|ec|75|a2|08|00|45|00|00|3c|01|11|00|00|80|01|32|0c|ac|14|0a|0e|a7|72|aa|0f|08|00|4d|56|00|01|00|05|61|62|63|64|65|66|67|68|69|6a|6b|6c|6d|6e|6f|70|71|72|73|74|75|76|77|61|62|63|64|65|66|67|68|69|

+---------+---------------+----------+
17:00:35,354,484   ETHER
|0   |01|00|5e|7f|ff|fa|00|25|86|ec|75|a2|08|00|45|00|00|a1|01|12|00|00|01|11|12|1e|ac|14|0a|0e|ef|ff|ff|fa|f3|56|07|6c|00|8d|b8|0a|4d|2d|53|45|41|52|43|48|20|2a|20|48|54|54|50|2f|31|2e|31|0d|0a|48|6f|73|74|3a|32|33|39|2e|32|35|35|2e|32|35|35|2e|32|35|30|3a|31|39|30|30|0d|0a|53|54|3a|75|72|6e|3a|73|63|68|65|6d|61|73|2d|75|70|6e|70|2d|6f|72|67|3a|64|65|76|69|63|65|3a|49|6e|74|65|72|6e|65|74|47|61|74|65|77|61|79|44|65|76|69|63|65|3a|31|0d|0a|4d|61|6e|3a|22|73|73|64|70|3a|64|69|73|63|6f|76|65|72|22|0d|0a|4d|58|3a|33|0d|0a|0d|0a|

+---------+---------------+----------+
17:00:35,503,767   ETHER
|0   |00|25|86|ec|75|a2|b6|8b|19|8e|27|64|08|00|45|00|00|3c|58|38|00|00|2f|01|2b|e5|a7|72|aa|0f|ac|14|0a|0e|00|00|55|56|00|01|00|05|61|62|63|64|65|66|67|68|69|6a|6b|6c|6d|6e|6f|70|71|72|73|74|75|76|77|61|62|63|64|65|66|67|68|69|

+---------+---------------+----------+
17:00:35,654,515   ETHER
|0   |ff|ff|ff|ff|ff|ff|00|25|86|ec|75|a2|08|00|45|00|00|4e|01|13|00|00|80|11|cd|46|ac|14|0a|0e|ac|14|0a|0f|00|89|00|89|00|3a|65|3d|e5|71|01|10|00|01|00|00|00|00|00|00|20|45|4a|46|44|45|42|46|45|45|42|46|41|43|41|43|41|43|41|43|41|43|41|43|41|43|41|43|41|43|41|41|41|00|00|20|00|01|

+---------+---------------+----------+
17:00:36,254,498   ETHER
|0   |b6|8b|19|8e|27|64|00|25|86|ec|75|a2|08|00|45|00|00|3c|01|14|00|00|80|01|32|09|ac|14|0a|0e|a7|72|aa|0f|08|00|4d|55|00|01|00|06|61|62|63|64|65|66|67|68|69|6a|6b|6c|6d|6e|6f|70|71|72|73|74|75|76|77|61|62|63|64|65|66|67|68|69|

+---------+---------------+----------+
17:00:36,404,434   ETHER
|0   |ff|ff|ff|ff|ff|ff|00|25|86|ec|75|a2|08|00|45|00|00|4e|01|15|00|00|80|11|cd|44|ac|14|0a|0e|ac|14|0a|0f|00|89|00|89|00|3a|65|3d|e5|71|01|10|00|01|00|00|00|00|00|00|20|45|4a|46|44|45|42|46|45|45|42|46|41|43|41|43|41|43|41|43|41|43|41|43|41|43|41|43|41|43|41|41|41|00|00|20|00|01|

+---------+---------------+----------+
17:00:36,620,131   ETHER
|0   |00|25|86|ec|75|a2|b6|8b|19|8e|27|64|08|00|45|00|00|3c|58|b1|00|00|2f|01|2b|6c|a7|72|aa|0f|ac|14|0a|0e|00|00|55|55|00|01|00|06|61|62|63|64|65|66|67|68|69|6a|6b|6c|6d|6e|6f|70|71|72|73|74|75|76|77|61|62|63|64|65|66|67|68|69|

+---------+---------------+----------+
17:00:37,155,330   ETHER
|0   |ff|ff|ff|ff|ff|ff|00|25|86|ec|75|a2|08|00|45|00|00|4e|01|16|00|00|80|11|cd|43|ac|14|0a|0e|ac|14|0a|0f|00|89|00|89|00|3a|2e|2d|e5|79|01|10|00|01|00|00|00|00|00|00|20|45|4a|46|44|45|42|46|45|45|42|46|41|43|4f|45|49|45|50|45|4e|45|46|43|41|43|41|43|41|43|41|41|41|00|00|20|00|01|

+---------+---------------+----------+
17:00:37,254,455   ETHER
|0   |b6|8b|19|8e|27|64|00|25|86|ec|75|a2|08|00|45|00|00|3c|01|17|00|00|80|01|32|06|ac|14|0a|0e|a7|72|aa|0f|08|00|4d|54|00|01|00|07|61|62|63|64|65|66|67|68|69|6a|6b|6c|6d|6e|6f|70|71|72|73|74|75|76|77|61|62|63|64|65|66|67|68|69|

+---------+---------------+----------+
17:00:37,414,580   ETHER
|0   |01|00|5e|00|00|fb|00|25|86|ec|75|a2|08|00|45|00|01|6e|01|18|00|00|ff|11|22|49|ac|14|0a|0e|e0|00|00|fb|14|e9|14|e9|01|5a|e4|6a|00|00|84|00|00|00|00|08|00|00|00|02|07|43|61|69|6f|2d|50|43|09|5f|6e|69|2d|6c|6f|67|6f|73|04|5f|74|63|70|05|6c|6f|63|61|6c|00|00|21|80|01|00|00|00|78|00|10|00|00|00|00|09|27|07|43|61|69|6f|2d|50|43|c0|23|c0|0c|00|10|80|01|00|00|11|94|00|01|00|09|5f|73|65|72|76|69|63|65|73|07|5f|64|6e|73|2d|73|64|04|5f|75|64|70|c0|23|00|0c|00|01|00|00|11|94|00|02|c0|14|c0|14|00|0c|00|01|00|00|11|94|00|02|c0|0c|c0|3a|00|01|80|01|00|00|00|78|00|04|ac|14|0a|0e|02|31|34|02|31|30|02|32|30|03|31|37|32|07|69|6e|2d|61|64|64|72|04|61|72|70|61|00|00|0c|80|01|00|00|00|78|00|02|c0|3a|c0|3a|00|1c|80|01|00|00|00|78|00|10|fe|80|00|00|00|00|00|00|d9|37|15|b1|24|ad|cd|13|01|33|01|31|01|44|01|43|01|44|01|41|01|34|01|32|01|31|01|42|01|35|01|31|01|37|01|33|01|39|01|44|01|30|01|30|01|30|01|30|01|30|01|30|01|30|01|30|01|30|01|30|01|30|01|30|01|30|01|38|01|45|01|46|03|69|70|36|c0|a9|00|0c|80|01|00|00|00|78|00|02|c0|3a|c0|0c|00|2f|80|01|00|00|00|78|00|09|c0|0c|00|05|00|00|80|00|40|c0|3a|00|2f|80|01|00|00|00|78|00|08|c0|3a|00|04|40|00|00|08|

+---------+---------------+----------+
17:00:37,544,583   ETHER
|0   |00|25|86|ec|75|a2|b6|8b|19|8e|27|64|08|00|45|00|00|3c|59|05|00|00|2f|01|2b|18|a7|72|aa|0f|ac|14|0a|0e|00|00|55|54|00|01|00|07|61|62|63|64|65|66|67|68|69|6a|6b|6c|6d|6e|6f|70|71|72|73|74|75|76|77|61|62|63|64|65|66|67|68|69|

+---------+---------------+----------+
17:00:37,554,601   ETHER
|0   |01|00|5e|00|00|fb|00|25|86|ec|75|a2|08|00|45|00|01|12|01|19|00|00|ff|11|22|a4|ac|14|0a|0e|e0|00|00|fb|14|e9|14|e9|00|fe|9a|53|00|00|84|00|00|00|00|04|00|00|00|03|02|31|34|02|31|30|02|32|30|03|31|37|32|07|69|6e|2d|61|64|64|72|04|61|72|70|61|00|00|0c|80|01|00|00|00|78|00|0f|07|43|61|69|6f|2d|50|43|05|6c|6f|63|61|6c|00|01|33|01|31|01|44|01|43|01|44|01|41|01|34|01|32|01|31|01|42|01|35|01|31|01|37|01|33|01|39|01|44|01|30|01|30|01|30|01|30|01|30|01|30|01|30|01|30|01|30|01|30|01|30|01|30|01|30|01|38|01|45|01|46|03|69|70|36|c0|21|00|0c|80|01|00|00|00|78|00|02|c0|31|c0|31|00|01|80|01|00|00|00|78|00|04|ac|14|0a|0e|c0|31|00|1c|80|01|00|00|00|78|00|10|fe|80|00|00|00|00|00|00|d9|37|15|b1|24|ad|cd|13|c0|0c|00|2f|80|01|00|00|00|78|00|06|c0|0c|00|02|00|08|c0|40|00|2f|80|01|00|00|00|78|00|06|c0|40|00|02|00|08|c0|31|00|2f|80|01|00|00|00|78|00|08|c0|31|00|04|40|00|00|08|

+---------+---------------+----------+
17:00:37,904,465   ETHER
|0   |ff|ff|ff|ff|ff|ff|00|25|86|ec|75|a2|08|00|45|00|00|4e|01|1a|00|00|80|11|cd|3f|ac|14|0a|0e|ac|14|0a|0f|00|89|00|89|00|3a|2e|2d|e5|79|01|10|00|01|00|00|00|00|00|00|20|45|4a|46|44|45|42|46|45|45|42|46|41|43|4f|45|49|45|50|45|4e|45|46|43|41|43|41|43|41|43|41|41|41|00|00|20|00|01|

+---------+---------------+----------+
17:00:38,254,455   ETHER
|0   |b6|8b|19|8e|27|64|00|25|86|ec|75|a2|08|00|45|00|00|3c|01|1b|00|00|80|01|32|02|ac|14|0a|0e|a7|72|aa|0f|08|00|4d|53|00|01|00|08|61|62|63|64|65|66|67|68|69|6a|6b|6c|6d|6e|6f|70|71|72|73|74|75|76|77|61|62|63|64|65|66|67|68|69|

+---------+---------------+----------+
17:00:38,354,458   ETHER
|0   |01|00|5e|7f|ff|fa|00|25|86|ec|75|a2|08|00|45|00|00|a1|01|1c|00|00|01|11|12|14|ac|14|0a|0e|ef|ff|ff|fa|f3|56|07|6c|00|8d|b8|0a|4d|2d|53|45|41|52|43|48|20|2a|20|48|54|54|50|2f|31|2e|31|0d|0a|48|6f|73|74|3a|32|33|39|2e|32|35|35|2e|32|35|35|2e|32|35|30|3a|31|39|30|30|0d|0a|53|54|3a|75|72|6e|3a|73|63|68|65|6d|61|73|2d|75|70|6e|70|2d|6f|72|67|3a|64|65|76|69|63|65|3a|49|6e|74|65|72|6e|65|74|47|61|74|65|77|61|79|44|65|76|69|63|65|3a|31|0d|0a|4d|61|6e|3a|22|73|73|64|70|3a|64|69|73|63|6f|76|65|72|22|0d|0a|4d|58|3a|33|0d|0a|0d|0a|

+---------+---------------+----------+
17:00:38,504,352   ETHER
|0   |00|25|86|ec|75|a2|b6|8b|19|8e|27|64|08|00|45|00|00|3c|59|4b|00|00|2f|01|2a|d2|a7|72|aa|0f|ac|14|0a|0e|00|00|55|53|00|01|00|08|61|62|63|64|65|66|67|68|69|6a|6b|6c|6d|6e|6f|70|71|72|73|74|75|76|77|61|62|63|64|65|66|67|68|69|

+---------+---------------+----------+
17:00:38,654,482   ETHER
|0   |ff|ff|ff|ff|ff|ff|00|25|86|ec|75|a2|08|00|45|00|00|4e|01|1d|00|00|80|11|cd|3c|ac|14|0a|0e|ac|14|0a|0f|00|89|00|89|00|3a|2e|2d|e5|79|01|10|00|01|00|00|00|00|00|00|20|45|4a|46|44|45|42|46|45|45|42|46|41|43|4f|45|49|45|50|45|4e|45|46|43|41|43|41|43|41|43|41|41|41|00|00|20|00|01|

+---------+---------------+----------+
17:00:39,405,143   ETHER
|0   |33|33|00|01|00|03|00|25|86|ec|75|a2|86|dd|60|00|00|00|00|20|11|01|fe|80|00|00|00|00|00|00|d9|37|15|b1|24|ad|cd|13|ff|02|00|00|00|00|00|00|00|00|00|00|00|01|00|03|c4|6e|14|eb|00|20|e3|be|06|35|00|00|00|01|00|00|00|00|00|00|06|69|73|61|74|61|70|00|00|01|00|01|

+---------+---------------+----------+
17:00:39,405,405   ETHER
|0   |01|00|5e|00|00|fc|00|25|86|ec|75|a2|08|00|45|00|00|34|01|1e|00|00|01|11|21|7d|ac|14|0a|0e|e0|00|00|fc|dc|d9|14|eb|00|20|12|66|06|35|00|00|00|01|00|00|00|00|00|00|06|69|73|61|74|61|70|00|00|01|00|01|

+---------+---------------+----------+
17:00:39,504,440   ETHER
|0   |33|33|00|01|00|03|00|25|86|ec|75|a2|86|dd|60|00|00|00|00|20|11|01|fe|80|00|00|00|00|00|00|d9|37|15|b1|24|ad|cd|13|ff|02|00|00|00|00|00|00|00|00|00|00|00|01|00|03|c4|6e|14|eb|00|20|e3|be|06|35|00|00|00|01|00|00|00|00|00|00|06|69|73|61|74|61|70|00|00|01|00|01|

+---------+---------------+----------+
17:00:39,504,518   ETHER
|0   |01|00|5e|00|00|fc|00|25|86|ec|75|a2|08|00|45|00|00|34|01|1f|00|00|01|11|21|7c|ac|14|0a|0e|e0|00|00|fc|dc|d9|14|eb|00|20|12|66|06|35|00|00|00|01|00|00|00|00|00|00|06|69|73|61|74|61|70|00|00|01|00|01|

+---------+---------------+----------+
17:00:39,704,889   ETHER
|0   |ff|ff|ff|ff|ff|ff|00|25|86|ec|75|a2|08|00|45|00|00|4e|01|20|00|00|80|11|cd|39|ac|14|0a|0e|ac|14|0a|0f|00|89|00|89|00|3a|65|2d|e5|81|01|10|00|01|00|00|00|00|00|00|20|45|4a|46|44|45|42|46|45|45|42|46|41|43|41|43|41|43|41|43|41|43|41|43|41|43|41|43|41|43|41|41|41|00|00|20|00|01|

+---------+---------------+----------+
17:00:40,454,425   ETHER
|0   |ff|ff|ff|ff|ff|ff|00|25|86|ec|75|a2|08|00|45|00|00|4e|01|21|00|00|80|11|cd|38|ac|14|0a|0e|ac|14|0a|0f|00|89|00|89|00|3a|65|2d|e5|81|01|10|00|01|00|00|00|00|00|00|20|45|4a|46|44|45|42|46|45|45|42|46|41|43|41|43|41|43|41|43|41|43|41|43|41|43|41|43|41|43|41|41|41|00|00|20|00|01|

+---------+---------------+----------+
17:00:41,205,382   ETHER
|0   |ff|ff|ff|ff|ff|ff|00|25|86|ec|75|a2|08|00|45|00|00|4e|01|22|00|00|80|11|cd|37|ac|14|0a|0e|ac|14|0a|0f|00|89|00|89|00|3a|65|2d|e5|81|01|10|00|01|00|00|00|00|00|00|20|45|4a|46|44|45|42|46|45|45|42|46|41|43|41|43|41|43|41|43|41|43|41|43|41|43|41|43|41|43|41|41|41|00|00|20|00|01|

+---------+---------------+----------+
17:00:41,379,320   ETHER
|0   |ff|ff|ff|ff|ff|ff|00|25|86|ec|75|a2|08|00|45|00|00|a0|01|23|00|00|80|11|cc|e4|ac|14|0a|0e|ac|14|0a|0f|44|5c|44|5c|00|8c|4f|49|7b|22|68|6f|73|74|5f|69|6e|74|22|3a|20|37|32|30|37|33|37|35|30|37|32|39|35|37|36|34|39|33|35|30|34|35|34|39|30|35|36|38|34|32|30|36|31|35|32|35|39|35|33|2c|20|22|76|65|72|73|69|6f|6e|22|3a|20|5b|32|2c|20|30|5d|2c|20|22|64|69|73|70|6c|61|79|6e|61|6d|65|22|3a|20|22|22|2c|20|22|70|6f|72|74|22|3a|20|31|37|35|30|30|2c|20|22|6e|61|6d|65|73|70|61|63|65|73|22|3a|20|5b|31|39|33|38|31|33|34|36|31|5d|7d|

+---------+---------------+----------+
17:00:41,380,793   ETHER
|0   |01|00|5e|7f|ff|fa|00|25|86|ec|75|a2|08|00|45|00|00|a1|01|24|00|00|01|11|12|0c|ac|14|0a|0e|ef|ff|ff|fa|f3|56|07|6c|00|8d|b8|0a|4d|2d|53|45|41|52|43|48|20|2a|20|48|54|54|50|2f|31|2e|31|0d|0a|48|6f|73|74|3a|32|33|39|2e|32|35|35|2e|32|35|35|2e|32|35|30|3a|31|39|30|30|0d|0a|53|54|3a|75|72|6e|3a|73|63|68|65|6d|61|73|2d|75|70|6e|70|2d|6f|72|67|3a|64|65|76|69|63|65|3a|49|6e|74|65|72|6e|65|74|47|61|74|65|77|61|79|44|65|76|69|63|65|3a|31|0d|0a|4d|61|6e|3a|22|73|73|64|70|3a|64|69|73|63|6f|76|65|72|22|0d|0a|4d|58|3a|33|0d|0a|0d|0a|

+---------+---------------+----------+
17:00:41,956,225   ETHER
|0   |33|33|00|01|00|03|00|25|86|ec|75|a2|86|dd|60|00|00|00|00|20|11|01|fe|80|00|00|00|00|00|00|d9|37|15|b1|24|ad|cd|13|ff|02|00|00|00|00|00|00|00|00|00|00|00|01|00|03|d3|b7|14|eb|00|20|fa|33|e0|76|00|00|00|01|00|00|00|00|00|00|06|69|73|61|74|61|70|00|00|01|00|01|

+---------+---------------+----------+
17:00:41,956,504   ETHER
|0   |01|00|5e|00|00|fc|00|25|86|ec|75|a2|08|00|45|00|00|34|01|25|00|00|01|11|21|76|ac|14|0a|0e|e0|00|00|fc|d9|c7|14|eb|00|20|3b|36|e0|76|00|00|00|01|00|00|00|00|00|00|06|69|73|61|74|61|70|00|00|01|00|01|

+---------+---------------+----------+
17:00:42,055,380   ETHER
|0   |33|33|00|01|00|03|00|25|86|ec|75|a2|86|dd|60|00|00|00|00|20|11|01|fe|80|00|00|00|00|00|00|d9|37|15|b1|24|ad|cd|13|ff|02|00|00|00|00|00|00|00|00|00|00|00|01|00|03|d3|b7|14|eb|00|20|fa|33|e0|76|00|00|00|01|00|00|00|00|00|00|06|69|73|61|74|61|70|00|00|01|00|01|

+---------+---------------+----------+
17:00:42,055,491   ETHER
|0   |01|00|5e|00|00|fc|00|25|86|ec|75|a2|08|00|45|00|00|34|01|26|00|00|01|11|21|75|ac|14|0a|0e|e0|00|00|fc|d9|c7|14|eb|00|20|3b|36|e0|76|00|00|00|01|00|00|00|00|00|00|06|69|73|61|74|61|70|00|00|01|00|01|

+---------+---------------+----------+
17:00:42,255,889   ETHER
|0   |ff|ff|ff|ff|ff|ff|00|25|86|ec|75|a2|08|00|45|00|00|4e|01|27|00|00|80|11|cd|32|ac|14|0a|0e|ac|14|0a|0f|00|89|00|89|00|3a|65|25|e5|89|01|10|00|01|00|00|00|00|00|00|20|45|4a|46|44|45|42|46|45|45|42|46|41|43|41|43|41|43|41|43|41|43|41|43|41|43|41|43|41|43|41|41|41|00|00|20|00|01|

+---------+---------------+----------+
17:00:43,005,310   ETHER
|0   |ff|ff|ff|ff|ff|ff|00|25|86|ec|75|a2|08|00|45|00|00|4e|01|28|00|00|80|11|cd|31|ac|14|0a|0e|ac|14|0a|0f|00|89|00|89|00|3a|65|25|e5|89|01|10|00|01|00|00|00|00|00|00|20|45|4a|46|44|45|42|46|45|45|42|46|41|43|41|43|41|43|41|43|41|43|41|43|41|43|41|43|41|43|41|41|41|00|00|20|00|01|

+---------+---------------+----------+
17:00:43,185,391   ETHER
|0   |33|33|00|01|00|02|00|25|86|ec|75|a2|86|dd|60|00|00|00|00|5f|11|01|fe|80|00|00|00|00|00|00|d9|37|15|b1|24|ad|cd|13|ff|02|00|00|00|00|00|00|00|00|00|00|00|01|00|02|02|22|02|23|00|5f|58|c3|01|f4|e7|aa|00|08|00|02|18|9c|00|01|00|0e|00|01|00|01|1f|8c|70|3b|9c|8e|99|49|af|30|00|03|00|0c|2b|00|25|86|00|00|00|00|00|00|00|00|00|27|00|09|00|07|43|61|69|6f|2d|50|43|00|10|00|0e|00|00|01|37|00|08|4d|53|46|54|20|35|2e|30|00|06|00|08|00|18|00|17|00|11|00|27|

+---------+---------------+----------+
17:00:43,755,367   ETHER
|0   |ff|ff|ff|ff|ff|ff|00|25|86|ec|75|a2|08|00|45|00|00|4e|01|29|00|00|80|11|cd|30|ac|14|0a|0e|ac|14|0a|0f|00|89|00|89|00|3a|65|25|e5|89|01|10|00|01|00|00|00|00|00|00|20|45|4a|46|44|45|42|46|45|45|42|46|41|43|41|43|41|43|41|43|41|43|41|43|41|43|41|43|41|43|41|41|41|00|00|20|00|01|

+---------+---------------+----------+
17:00:44,375,380   ETHER
|0   |01|00|5e|7f|ff|fa|00|25|86|ec|75|a2|08|00|45|00|00|a1|01|2a|00|00|01|11|12|06|ac|14|0a|0e|ef|ff|ff|fa|f3|56|07|6c|00|8d|b8|0a|4d|2d|53|45|41|52|43|48|20|2a|20|48|54|54|50|2f|31|2e|31|0d|0a|48|6f|73|74|3a|32|33|39|2e|32|35|35|2e|32|35|35|2e|32|35|30|3a|31|39|30|30|0d|0a|53|54|3a|75|72|6e|3a|73|63|68|65|6d|61|73|2d|75|70|6e|70|2d|6f|72|67|3a|64|65|76|69|63|65|3a|49|6e|74|65|72|6e|65|74|47|61|74|65|77|61|79|44|65|76|69|63|65|3a|31|0d|0a|4d|61|6e|3a|22|73|73|64|70|3a|64|69|73|63|6f|76|65|72|22|0d|0a|4d|58|3a|33|0d|0a|0d|0a|

+---------+---------------+----------+
17:00:44,506,024   ETHER
|0   |33|33|00|01|00|03|00|25|86|ec|75|a2|86|dd|60|00|00|00|00|20|11|01|fe|80|00|00|00|00|00|00|d9|37|15|b1|24|ad|cd|13|ff|02|00|00|00|00|00|00|00|00|00|00|00|01|00|03|f5|b7|14|eb|00|20|b8|b6|ff|f3|00|00|00|01|00|00|00|00|00|00|06|69|73|61|74|61|70|00|00|01|00|01|

+---------+---------------+----------+
17:00:44,506,417   ETHER
|0   |01|00|5e|00|00|fc|00|25|86|ec|75|a2|08|00|45|00|00|34|01|2b|00|00|01|11|21|70|ac|14|0a|0e|e0|00|00|fc|c2|0a|14|eb|00|20|33|76|ff|f3|00|00|00|01|00|00|00|00|00|00|06|69|73|61|74|61|70|00|00|01|00|01|

+---------+---------------+----------+
17:00:44,606,322   ETHER
|0   |33|33|00|01|00|03|00|25|86|ec|75|a2|86|dd|60|00|00|00|00|20|11|01|fe|80|00|00|00|00|00|00|d9|37|15|b1|24|ad|cd|13|ff|02|00|00|00|00|00|00|00|00|00|00|00|01|00|03|f5|b7|14|eb|00|20|b8|b6|ff|f3|00|00|00|01|00|00|00|00|00|00|06|69|73|61|74|61|70|00|00|01|00|01|

+---------+---------------+----------+
17:00:44,606,438   ETHER
|0   |01|00|5e|00|00|fc|00|25|86|ec|75|a2|08|00|45|00|00|34|01|2c|00|00|01|11|21|6f|ac|14|0a|0e|e0|00|00|fc|c2|0a|14|eb|00|20|33|76|ff|f3|00|00|00|01|00|00|00|00|00|00|06|69|73|61|74|61|70|00|00|01|00|01|

+---------+---------------+----------+
17:00:44,811,723   ETHER
|0   |ff|ff|ff|ff|ff|ff|00|25|86|ec|75|a2|08|00|45|00|00|4e|01|2d|00|00|80|11|cd|2c|ac|14|0a|0e|ac|14|0a|0f|00|89|00|89|00|3a|65|1d|e5|91|01|10|00|01|00|00|00|00|00|00|20|45|4a|46|44|45|42|46|45|45|42|46|41|43|41|43|41|43|41|43|41|43|41|43|41|43|41|43|41|43|41|41|41|00|00|20|00|01|

+---------+---------------+----------+
17:00:45,565,410   ETHER
|0   |ff|ff|ff|ff|ff|ff|00|25|86|ec|75|a2|08|00|45|00|00|4e|01|2e|00|00|80|11|cd|2b|ac|14|0a|0e|ac|14|0a|0f|00|89|00|89|00|3a|65|1d|e5|91|01|10|00|01|00|00|00|00|00|00|20|45|4a|46|44|45|42|46|45|45|42|46|41|43|41|43|41|43|41|43|41|43|41|43|41|43|41|43|41|43|41|41|41|00|00|20|00|01|

+---------+---------------+----------+
17:00:46,316,289   ETHER
|0   |ff|ff|ff|ff|ff|ff|00|25|86|ec|75|a2|08|00|45|00|00|4e|01|2f|00|00|80|11|cd|2a|ac|14|0a|0e|ac|14|0a|0f|00|89|00|89|00|3a|65|1d|e5|91|01|10|00|01|00|00|00|00|00|00|20|45|4a|46|44|45|42|46|45|45|42|46|41|43|41|43|41|43|41|43|41|43|41|43|41|43|41|43|41|43|41|41|41|00|00|20|00|01|

+---------+---------------+----------+
17:00:47,067,744   ETHER
|0   |33|33|00|01|00|03|00|25|86|ec|75|a2|86|dd|60|00|00|00|00|20|11|01|fe|80|00|00|00|00|00|00|d9|37|15|b1|24|ad|cd|13|ff|02|00|00|00|00|00|00|00|00|00|00|00|01|00|03|c9|4c|14|eb|00|20|de|eb|06|2a|00|00|00|01|00|00|00|00|00|00|06|69|73|61|74|61|70|00|00|01|00|01|

+---------+---------------+----------+
17:00:47,068,015   ETHER
|0   |01|00|5e|00|00|fc|00|25|86|ec|75|a2|08|00|45|00|00|34|01|30|00|00|01|11|21|6b|ac|14|0a|0e|e0|00|00|fc|cc|bf|14|eb|00|20|22|8b|06|2a|00|00|00|01|00|00|00|00|00|00|06|69|73|61|74|61|70|00|00|01|00|01|

+---------+---------------+----------+
17:00:47,167,333   ETHER
|0   |33|33|00|01|00|03|00|25|86|ec|75|a2|86|dd|60|00|00|00|00|20|11|01|fe|80|00|00|00|00|00|00|d9|37|15|b1|24|ad|cd|13|ff|02|00|00|00|00|00|00|00|00|00|00|00|01|00|03|c9|4c|14|eb|00|20|de|eb|06|2a|00|00|00|01|00|00|00|00|00|00|06|69|73|61|74|61|70|00|00|01|00|01|

+---------+---------------+----------+
17:00:47,167,450   ETHER
|0   |01|00|5e|00|00|fc|00|25|86|ec|75|a2|08|00|45|00|00|34|01|31|00|00|01|11|21|6a|ac|14|0a|0e|e0|00|00|fc|cc|bf|14|eb|00|20|22|8b|06|2a|00|00|00|01|00|00|00|00|00|00|06|69|73|61|74|61|70|00|00|01|00|01|

+---------+---------------+----------+
17:00:47,367,762   ETHER
|0   |ff|ff|ff|ff|ff|ff|00|25|86|ec|75|a2|08|00|45|00|00|4e|01|32|00|00|80|11|cd|27|ac|14|0a|0e|ac|14|0a|0f|00|89|00|89|00|3a|65|15|e5|99|01|10|00|01|00|00|00|00|00|00|20|45|4a|46|44|45|42|46|45|45|42|46|41|43|41|43|41|43|41|43|41|43|41|43|41|43|41|43|41|43|41|41|41|00|00|20|00|01|

+---------+---------------+----------+
17:00:47,375,370   ETHER
|0   |01|00|5e|7f|ff|fa|00|25|86|ec|75|a2|08|00|45|00|00|a1|01|33|00|00|01|11|11|fd|ac|14|0a|0e|ef|ff|ff|fa|f3|56|07|6c|00|8d|b8|0a|4d|2d|53|45|41|52|43|48|20|2a|20|48|54|54|50|2f|31|2e|31|0d|0a|48|6f|73|74|3a|32|33|39|2e|32|35|35|2e|32|35|35|2e|32|35|30|3a|31|39|30|30|0d|0a|53|54|3a|75|72|6e|3a|73|63|68|65|6d|61|73|2d|75|70|6e|70|2d|6f|72|67|3a|64|65|76|69|63|65|3a|49|6e|74|65|72|6e|65|74|47|61|74|65|77|61|79|44|65|76|69|63|65|3a|31|0d|0a|4d|61|6e|3a|22|73|73|64|70|3a|64|69|73|63|6f|76|65|72|22|0d|0a|4d|58|3a|33|0d|0a|0d|0a|

+---------+---------------+----------+
17:00:48,117,354   ETHER
|0   |ff|ff|ff|ff|ff|ff|00|25|86|ec|75|a2|08|00|45|00|00|4e|01|34|00|00|80|11|cd|25|ac|14|0a|0e|ac|14|0a|0f|00|89|00|89|00|3a|65|15|e5|99|01|10|00|01|00|00|00|00|00|00|20|45|4a|46|44|45|42|46|45|45|42|46|41|43|41|43|41|43|41|43|41|43|41|43|41|43|41|43|41|43|41|41|41|00|00|20|00|01|

+---------+---------------+----------+
17:00:48,867,331   ETHER
|0   |ff|ff|ff|ff|ff|ff|00|25|86|ec|75|a2|08|00|45|00|00|4e|01|35|00|00|80|11|cd|24|ac|14|0a|0e|ac|14|0a|0f|00|89|00|89|00|3a|65|15|e5|99|01|10|00|01|00|00|00|00|00|00|20|45|4a|46|44|45|42|46|45|45|42|46|41|43|41|43|41|43|41|43|41|43|41|43|41|43|41|43|41|43|41|41|41|00|00|20|00|01|

+---------+---------------+----------+
17:00:49,618,183   ETHER
|0   |33|33|00|01|00|03|00|25|86|ec|75|a2|86|dd|60|00|00|00|00|20|11|01|fe|80|00|00|00|00|00|00|d9|37|15|b1|24|ad|cd|13|ff|02|00|00|00|00|00|00|00|00|00|00|00|01|00|03|ed|fb|14|eb|00|20|ae|4f|12|17|00|00|00|01|00|00|00|00|00|00|06|69|73|61|74|61|70|00|00|01|00|01|

+---------+---------------+----------+
17:00:49,618,461   ETHER
|0   |01|00|5e|00|00|fc|00|25|86|ec|75|a2|08|00|45|00|00|34|01|36|00|00|01|11|21|65|ac|14|0a|0e|e0|00|00|fc|d5|56|14|eb|00|20|0e|07|12|17|00|00|00|01|00|00|00|00|00|00|06|69|73|61|74|61|70|00|00|01|00|01|

+---------+---------------+----------+
17:00:49,717,336   ETHER
|0   |33|33|00|01|00|03|00|25|86|ec|75|a2|86|dd|60|00|00|00|00|20|11|01|fe|80|00|00|00|00|00|00|d9|37|15|b1|24|ad|cd|13|ff|02|00|00|00|00|00|00|00|00|00|00|00|01|00|03|ed|fb|14|eb|00|20|ae|4f|12|17|00|00|00|01|00|00|00|00|00|00|06|69|73|61|74|61|70|00|00|01|00|01|

+---------+---------------+----------+
17:00:49,717,533   ETHER
|0   |01|00|5e|00|00|fc|00|25|86|ec|75|a2|08|00|45|00|00|34|01|37|00|00|01|11|21|64|ac|14|0a|0e|e0|00|00|fc|d5|56|14|eb|00|20|0e|07|12|17|00|00|00|01|00|00|00|00|00|00|06|69|73|61|74|61|70|00|00|01|00|01|

+---------+---------------+----------+
17:00:49,917,724   ETHER
|0   |ff|ff|ff|ff|ff|ff|00|25|86|ec|75|a2|08|00|45|00|00|4e|01|38|00|00|80|11|cd|21|ac|14|0a|0e|ac|14|0a|0f|00|89|00|89|00|3a|65|0d|e5|a1|01|10|00|01|00|00|00|00|00|00|20|45|4a|46|44|45|42|46|45|45|42|46|41|43|41|43|41|43|41|43|41|43|41|43|41|43|41|43|41|43|41|41|41|00|00|20|00|01|

+---------+---------------+----------+
17:00:50,667,305   ETHER
|0   |ff|ff|ff|ff|ff|ff|00|25|86|ec|75|a2|08|00|45|00|00|4e|01|39|00|00|80|11|cd|20|ac|14|0a|0e|ac|14|0a|0f|00|89|00|89|00|3a|65|0d|e5|a1|01|10|00|01|00|00|00|00|00|00|20|45|4a|46|44|45|42|46|45|45|42|46|41|43|41|43|41|43|41|43|41|43|41|43|41|43|41|43|41|43|41|41|41|00|00|20|00|01|

+---------+---------------+----------+
17:00:51,417,292   ETHER
|0   |ff|ff|ff|ff|ff|ff|00|25|86|ec|75|a2|08|00|45|00|00|4e|01|3a|00|00|80|11|cd|1f|ac|14|0a|0e|ac|14|0a|0f|00|89|00|89|00|3a|65|0d|e5|a1|01|10|00|01|00|00|00|00|00|00|20|45|4a|46|44|45|42|46|45|45|42|46|41|43|41|43|41|43|41|43|41|43|41|43|41|43|41|43|41|43|41|41|41|00|00|20|00|01|

+---------+---------------+----------+
17:00:52,168,210   ETHER
|0   |ff|ff|ff|ff|ff|ff|00|25|86|ec|75|a2|08|00|45|00|00|4e|01|3b|00|00|80|11|cd|1e|ac|14|0a|0e|ac|14|0a|0f|00|89|00|89|00|3a|2d|fd|e5|a9|01|10|00|01|00|00|00|00|00|00|20|45|4a|46|44|45|42|46|45|45|42|46|41|43|4f|45|49|45|50|45|4e|45|46|43|41|43|41|43|41|43|41|41|41|00|00|20|00|01|

+---------+---------------+----------+
17:00:52,917,255   ETHER
|0   |ff|ff|ff|ff|ff|ff|00|25|86|ec|75|a2|08|00|45|00|00|4e|01|3c|00|00|80|11|cd|1d|ac|14|0a|0e|ac|14|0a|0f|00|89|00|89|00|3a|2d|fd|e5|a9|01|10|00|01|00|00|00|00|00|00|20|45|4a|46|44|45|42|46|45|45|42|46|41|43|4f|45|49|45|50|45|4e|45|46|43|41|43|41|43|41|43|41|41|41|00|00|20|00|01|

+---------+---------------+----------+
17:00:53,667,198   ETHER
|0   |ff|ff|ff|ff|ff|ff|00|25|86|ec|75|a2|08|00|45|00|00|4e|01|3d|00|00|80|11|cd|1c|ac|14|0a|0e|ac|14|0a|0f|00|89|00|89|00|3a|2d|fd|e5|a9|01|10|00|01|00|00|00|00|00|00|20|45|4a|46|44|45|42|46|45|45|42|46|41|43|4f|45|49|45|50|45|4e|45|46|43|41|43|41|43|41|43|41|41|41|00|00|20|00|01|

+---------+---------------+----------+
17:00:54,171,022   ETHER
|0   |00|25|86|ec|75|a2|b6|8b|19|8e|27|64|08|00|45|00|01|29|6a|43|00|00|28|06|bc|67|a2|7d|12|85|ac|14|0a|0e|01|bb|d2|ed|79|10|68|e7|7d|62|fe|69|50|18|00|3e|9e|13|00|00|17|03|03|00|fc|37|cd|2c|26|f3|ef|ea|3e|b8|f0|04|47|89|4f|30|41|7a|fb|63|db|6c|0d|90|2e|38|b6|e1|1a|92|c0|ce|8a|6c|cd|3d|45|43|3a|d0|ed|10|28|25|64|06|34|99|4b|53|7d|26|4e|20|15|ec|b1|9f|5a|fb|dd|32|88|c3|79|12|c5|3e|ef|36|da|cc|23|9b|ff|69|d2|d3|60|3b|c0|e4|57|c0|f0|b5|f2|32|f8|84|a8|ad|1b|e0|6b|47|e4|13|df|a8|7c|1f|33|64|ca|de|a0|85|9f|64|a7|3c|3a|0d|61|70|0d|8b|db|3a|2e|66|5a|45|8c|3a|75|18|2e|e4|e7|1f|0a|33|00|9e|07|79|29|43|63|cd|e6|10|01|72|65|ce|6f|a9|77|e0|0d|99|42|ef|01|bf|21|1c|ed|aa|3f|80|52|92|6e|e0|db|3d|34|c5|22|0e|20|fa|a4|14|ff|02|b2|36|c1|89|f3|4b|36|d1|16|c7|ad|8a|7f|30|89|7b|34|1d|42|a0|4c|cb|8b|f4|55|30|f9|33|cf|f8|fe|f7|f2|1f|48|0e|20|e8|3b|3a|cf|39|c6|f1|6c|c9|ec|12|06|bd|77|43|14|fa|d6|54|ff|8d|3c|ab|1c|b3|22|83|35|60|d5|5f|2d|55|2d|18|09|

+---------+---------------+----------+
17:00:54,171,478   ETHER
|0   |00|25|86|ec|75|a2|b6|8b|19|8e|27|64|08|00|45|00|01|29|6a|44|00|00|28|06|bc|66|a2|7d|12|85|ac|14|0a|0e|01|bb|d2|ed|79|10|68|e7|7d|62|fe|69|50|18|00|3e|9e|13|00|00|17|03|03|00|fc|37|cd|2c|26|f3|ef|ea|3e|b8|f0|04|47|89|4f|30|41|7a|fb|63|db|6c|0d|90|2e|38|b6|e1|1a|92|c0|ce|8a|6c|cd|3d|45|43|3a|d0|ed|10|28|25|64|06|34|99|4b|53|7d|26|4e|20|15|ec|b1|9f|5a|fb|dd|32|88|c3|79|12|c5|3e|ef|36|da|cc|23|9b|ff|69|d2|d3|60|3b|c0|e4|57|c0|f0|b5|f2|32|f8|84|a8|ad|1b|e0|6b|47|e4|13|df|a8|7c|1f|33|64|ca|de|a0|85|9f|64|a7|3c|3a|0d|61|70|0d|8b|db|3a|2e|66|5a|45|8c|3a|75|18|2e|e4|e7|1f|0a|33|00|9e|07|79|29|43|63|cd|e6|10|01|72|65|ce|6f|a9|77|e0|0d|99|42|ef|01|bf|21|1c|ed|aa|3f|80|52|92|6e|e0|db|3d|34|c5|22|0e|20|fa|a4|14|ff|02|b2|36|c1|89|f3|4b|36|d1|16|c7|ad|8a|7f|30|89|7b|34|1d|42|a0|4c|cb|8b|f4|55|30|f9|33|cf|f8|fe|f7|f2|1f|48|0e|20|e8|3b|3a|cf|39|c6|f1|6c|c9|ec|12|06|bd|77|43|14|fa|d6|54|ff|8d|3c|ab|1c|b3|22|83|35|60|d5|5f|2d|55|2d|18|09|

+---------+---------------+----------+
17:00:54,171,532   ETHER
|0   |b6|8b|19|8e|27|64|00|25|86|ec|75|a2|08|00|45|00|00|34|01|3e|40|00|80|06|8e|61|ac|14|0a|0e|a2|7d|12|85|d2|ed|01|bb|7d|62|fe|69|79|10|69|e8|80|10|10|15|06|25|00|00|01|01|05|0a|79|10|68|e7|79|10|69|e8|

+---------+---------------+----------+
17:00:54,174,773   ETHER
|0   |b6|8b|19|8e|27|64|00|25|86|ec|75|a2|08|00|45|00|02|e4|01|3f|40|00|80|06|8b|b0|ac|14|0a|0e|a2|7d|12|85|d2|ed|01|bb|7d|62|fe|69|79|10|69|e8|50|18|10|15|83|63|00|00|17|03|03|02|b7|fe|cb|e5|f9|cd|d6|e4|dd|69|1f|0b|dd|59|67|52|c2|4f|32|72|e6|c7|64|b6|ca|8b|55|66|21|74|ef|4b|40|f7|bf|0b|67|c9|ea|cd|8a|fe|08|71|c0|a2|f1|f0|0c|1c|e8|0b|5a|26|f1|16|e1|c0|d1|7c|17|1a|7f|52|5a|e8|62|92|4d|9e|23|e2|6c|75|bd|b7|99|12|fc|30|44|b9|e6|4d|3b|54|8b|82|11|2e|95|51|8a|fe|25|99|d2|32|1c|63|17|3e|79|f5|50|ca|55|b2|40|09|15|52|db|b6|85|57|0c|73|52|83|5a|21|c2|58|b9|71|a9|8c|95|83|0c|a6|94|61|ca|35|5c|0c|f7|69|b9|43|91|98|4e|2f|5f|d9|6e|13|84|c4|e9|ec|8c|80|59|d6|aa|ce|ef|bb|94|eb|9c|31|6d|30|43|dd|36|20|88|d1|f5|3a|8a|19|c5|b3|f1|cd|4a|0d|97|82|3a|f0|cd|99|34|79|75|45|ee|90|68|63|e3|cf|ff|cc|d1|a1|29|2c|6b|e8|7b|fe|79|eb|45|a0|62|72|c1|6c|65|f0|7f|f1|11|a5|3d|cc|5b|95|bd|33|86|4b|45|81|72|86|f4|07|60|76|df|18|4f|e2|5a|19|22|78|38|80|b9|68|62|63|58|c4|8e|b6|95|56|04|bf|69|a1|c9|5f|78|47|37|71|3d|5d|c3|4e|a3|54|db|06|83|38|c7|6a|26|12|39|88|d4|53|c6|14|af|cf|97|7c|a6|36|83|4b|86|80|da|b3|a1|e6|a4|b7|eb|de|60|fb|99|b7|e1|57|18|1f|0a|16|93|d3|bf|8d|03|33|50|2e|82|fb|b8|84|80|22|36|22|60|37|4c|f1|38|41|1e|e9|4b|56|18|75|31|d5|57|cd|59|27|b9|5a|50|2b|53|c6|e9|47|fb|68|39|ef|97|43|bf|a9|61|b4|b5|63|b5|d3|a8|75|cf|60|91|84|f8|12|15|79|4f|37|29|99|cb|da|fa|c1|f6|0b|be|7f|e8|cf|b7|e5|69|8e|e9|c4|d8|47|42|5f|94|ae|cc|7b|01|bb|5a|de|a5|bc|10|59|f0|14|4d|02|49|cb|81|0a|01|09|0e|9e|0d|1b|b4|ae|d5|2e|71|f9|5c|1c|c6|02|d6|68|ab|83|33|a4|b5|f9|cc|34|7c|a7|ec|64|4c|dd|cb|24|66|63|9d|74|f0|f6|f8|cf|11|ae|40|69|4b|25|af|b2|9c|ca|3f|7a|f7|b4|26|60|fc|6e|a6|e7|28|88|df|24|7b|93|15|cf|3f|73|8b|79|d9|cc|cf|fd|c7|90|53|66|62|a2|c3|17|fa|3b|db|f7|94|c6|50|b3|46|02|4c|81|8f|14|9f|ab|1a|77|5d|d9|25|3b|07|81|42|2b|9b|f7|e0|31|0b|1d|25|eb|fd|49|c4|bc|cb|ae|1f|bf|52|ca|1a|e1|92|46|fc|24|8f|55|5c|59|6e|e2|76|7d|6d|9e|0d|05|02|23|24|f8|01|1f|c0|46|f7|d4|e2|89|a5|e5|db|70|58|c0|7d|99|67|a8|d4|8e|60|ad|49|34|32|3a|7b|73|68|5f|79|2d|0f|a6|b3|59|03|b7|06|7e|b7|c2|2a|77|32|e9|cf|cb|5b|7d|46|0e|4b|8b|7c|07|d0|76|b9|cb|4b|2a|d1|bc|a1|01|60|c4|51|dc|b7|ae|9e|89|71|76|d5|77|d9|85|73|29|f1|0f|cb|00|1e|40|57|c8|e7|7e|af|96|33|ce|bd|04|74|42|1e|2d|be|5e|db|33|4b|db|0c|73|31|37|aa|64|40|52|

+---------+---------------+----------+
17:00:54,418,853   ETHER
|0   |33|33|00|01|00|03|00|25|86|ec|75|a2|86|dd|60|00|00|00|00|20|11|01|fe|80|00|00|00|00|00|00|d9|37|15|b1|24|ad|cd|13|ff|02|00|00|00|00|00|00|00|00|00|00|00|01|00|03|f0|ba|14|eb|00|20|73|31|4a|76|00|00|00|01|00|00|00|00|00|00|06|69|73|61|74|61|70|00|00|01|00|01|

+---------+---------------+----------+
17:00:54,419,128   ETHER
|0   |01|00|5e|00|00|fc|00|25|86|ec|75|a2|08|00|45|00|00|34|01|40|00|00|01|11|21|5b|ac|14|0a|0e|e0|00|00|fc|df|b9|14|eb|00|20|cb|44|4a|76|00|00|00|01|00|00|00|00|00|00|06|69|73|61|74|61|70|00|00|01|00|01|

+---------+---------------+----------+
17:00:54,480,789   ETHER
|0   |00|25|86|ec|75|a2|b6|8b|19|8e|27|64|08|00|45|00|00|28|6a|45|00|00|28|06|bd|66|a2|7d|12|85|ac|14|0a|0e|01|bb|d2|ed|79|10|69|e8|7d|63|01|25|50|10|00|40|0e|46|00|00|

+---------+---------------+----------+
17:00:54,518,207   ETHER
|0   |33|33|00|01|00|03|00|25|86|ec|75|a2|86|dd|60|00|00|00|00|20|11|01|fe|80|00|00|00|00|00|00|d9|37|15|b1|24|ad|cd|13|ff|02|00|00|00|00|00|00|00|00|00|00|00|01|00|03|f0|ba|14|eb|00|20|73|31|4a|76|00|00|00|01|00|00|00|00|00|00|06|69|73|61|74|61|70|00|00|01|00|01|

+---------+---------------+----------+
17:00:54,518,325   ETHER
|0   |01|00|5e|00|00|fc|00|25|86|ec|75|a2|08|00|45|00|00|34|01|41|00|00|01|11|21|5a|ac|14|0a|0e|e0|00|00|fc|df|b9|14|eb|00|20|cb|44|4a|76|00|00|00|01|00|00|00|00|00|00|06|69|73|61|74|61|70|00|00|01|00|01|

+---------+---------------+----------+
17:00:54,718,658   ETHER
|0   |ff|ff|ff|ff|ff|ff|00|25|86|ec|75|a2|08|00|45|00|00|4e|01|42|00|00|80|11|cd|17|ac|14|0a|0e|ac|14|0a|0f|00|89|00|89|00|3a|64|fd|e5|b1|01|10|00|01|00|00|00|00|00|00|20|45|4a|46|44|45|42|46|45|45|42|46|41|43|41|43|41|43|41|43|41|43|41|43|41|43|41|43|41|43|41|41|41|00|00|20|00|01|

+---------+---------------+----------+
17:00:55,468,210   ETHER
|0   |ff|ff|ff|ff|ff|ff|00|25|86|ec|75|a2|08|00|45|00|00|4e|01|43|00|00|80|11|cd|16|ac|14|0a|0e|ac|14|0a|0f|00|89|00|89|00|3a|64|fd|e5|b1|01|10|00|01|00|00|00|00|00|00|20|45|4a|46|44|45|42|46|45|45|42|46|41|43|41|43|41|43|41|43|41|43|41|43|41|43|41|43|41|43|41|41|41|00|00|20|00|01|

+---------+---------------+----------+
17:00:56,218,172   ETHER
|0   |ff|ff|ff|ff|ff|ff|00|25|86|ec|75|a2|08|00|45|00|00|4e|01|44|00|00|80|11|cd|15|ac|14|0a|0e|ac|14|0a|0f|00|89|00|89|00|3a|64|fd|e5|b1|01|10|00|01|00|00|00|00|00|00|20|45|4a|46|44|45|42|46|45|45|42|46|41|43|41|43|41|43|41|43|41|43|41|43|41|43|41|43|41|43|41|41|41|00|00|20|00|01|

+---------+---------------+----------+
17:00:56,968,935   ETHER
|0   |33|33|00|01|00|03|00|25|86|ec|75|a2|86|dd|60|00|00|00|00|20|11|01|fe|80|00|00|00|00|00|00|d9|37|15|b1|24|ad|cd|13|ff|02|00|00|00|00|00|00|00|00|00|00|00|01|00|03|e3|8e|14|eb|00|20|8d|4c|3d|87|00|00|00|01|00|00|00|00|00|00|06|69|73|61|74|61|70|00|00|01|00|01|

+---------+---------------+----------+
17:00:56,969,299   ETHER
|0   |01|00|5e|00|00|fc|00|25|86|ec|75|a2|08|00|45|00|00|34|01|45|00|00|01|11|21|56|ac|14|0a|0e|e0|00|00|fc|c5|cf|14|eb|00|20|f2|1d|3d|87|00|00|00|01|00|00|00|00|00|00|06|69|73|61|74|61|70|00|00|01|00|01|

+---------+---------------+----------+
17:00:57,068,220   ETHER
|0   |33|33|00|01|00|03|00|25|86|ec|75|a2|86|dd|60|00|00|00|00|20|11|01|fe|80|00|00|00|00|00|00|d9|37|15|b1|24|ad|cd|13|ff|02|00|00|00|00|00|00|00|00|00|00|00|01|00|03|e3|8e|14|eb|00|20|8d|4c|3d|87|00|00|00|01|00|00|00|00|00|00|06|69|73|61|74|61|70|00|00|01|00|01|

+---------+---------------+----------+
17:00:57,068,394   ETHER
|0   |01|00|5e|00|00|fc|00|25|86|ec|75|a2|08|00|45|00|00|34|01|46|00|00|01|11|21|55|ac|14|0a|0e|e0|00|00|fc|c5|cf|14|eb|00|20|f2|1d|3d|87|00|00|00|01|00|00|00|00|00|00|06|69|73|61|74|61|70|00|00|01|00|01|

+---------+---------------+----------+
17:00:57,268,640   ETHER
|0   |ff|ff|ff|ff|ff|ff|00|25|86|ec|75|a2|08|00|45|00|00|4e|01|47|00|00|80|11|cd|12|ac|14|0a|0e|ac|14|0a|0f|00|89|00|89|00|3a|64|f5|e5|b9|01|10|00|01|00|00|00|00|00|00|20|45|4a|46|44|45|42|46|45|45|42|46|41|43|41|43|41|43|41|43|41|43|41|43|41|43|41|43|41|43|41|41|41|00|00|20|00|01|

+---------+---------------+----------+
17:00:58,018,101   ETHER
|0   |ff|ff|ff|ff|ff|ff|00|25|86|ec|75|a2|08|00|45|00|00|4e|01|48|00|00|80|11|cd|11|ac|14|0a|0e|ac|14|0a|0f|00|89|00|89|00|3a|64|f5|e5|b9|01|10|00|01|00|00|00|00|00|00|20|45|4a|46|44|45|42|46|45|45|42|46|41|43|41|43|41|43|41|43|41|43|41|43|41|43|41|43|41|43|41|41|41|00|00|20|00|01|

+---------+---------------+----------+
17:00:58,768,141   ETHER
|0   |ff|ff|ff|ff|ff|ff|00|25|86|ec|75|a2|08|00|45|00|00|4e|01|49|00|00|80|11|cd|10|ac|14|0a|0e|ac|14|0a|0f|00|89|00|89|00|3a|64|f5|e5|b9|01|10|00|01|00|00|00|00|00|00|20|45|4a|46|44|45|42|46|45|45|42|46|41|43|41|43|41|43|41|43|41|43|41|43|41|43|41|43|41|43|41|41|41|00|00|20|00|01|

